 8070123688461158300000000000000000.00 
 8148689553054405000000000000000000.00 
 8002910971968197900000000000000000.00 
 8230743313708338200000000000000000.00 
 7917137820466231700000000000000000.00 
 8289497185912861600000000000000000.00 
 7937449940630826200000000000000000.00 
 8131246977900874000000000000000000.00 
 8256707249122290100000000000000000.00 
 7730872410395196300000000000000000.00 
 8510167425555716400000000000000000.00 
 7923994770343833400000000000000000.00 
 7777831808875428200000000000000000.00 
 8736641128102741000000000000000000.00 
 7800716987411677400000000000000000.00 
 7509260098382445300000000000000000.00 
 8904303394233415400000000000000000.00 
 8487549642067952800000000000000000.00 
 6908934693671432300000000000000000.00 
 7509173442579695400000000000000000.00 
 9555259308611161200000000000000000.00 
 9915988846358724500000000000000000.00 
 7771010140288946100000000000000000.00 
 4702774514980091900000000000000000.00 
 2267664444178146200000000000000000.00 
 893697232238514670000000000000000.00 
 293417824737086350000000000000000.00 
 81406492098704989000000000000000.00 
 19290819632184081000000000000000.00 
 3935928502907564100000000000000.00 
 695572470834615230000000000000.00 
 106933691651083700000000000000.00 
 14343087880326039000000000000.00 
 1681432823382738000000000000.00 
 172382222377901370000000000.00 
 15448182013510889000000000.00 
 1208225491858174600000000.00 
 82243043041580107000000.00 
 4852204697176783200000.00 
 246706870928006970000.00 
 10726984974164034000.00 
 394786934217506820.00 
 12129712419635200.00 
 305332110753792.00 
 6132274298880.00 
 94480924672.00 
 1048429568.00 
 7458313.50 
 25542.18 
   0.00 
   0.00 
   0.00 
   0.00 
   0.00 
   0.00 
   0.00 
   0.00 
   0.00 
   0.00 
   0.00 
   0.00 
   0.00 
   0.00 
   0.00 
   0.00 
   0.00 
   0.00 
   0.00 
   0.00 
   0.00 
   0.00 
   0.00 
   0.00 
   0.00 
   0.00 
   0.01 
   0.01 
   0.02 
   0.03 
   0.04 
   0.07 
   0.10 
   0.14 
   0.19 
   0.25 
   0.32 
   0.41 
   0.50 
   0.60 
   0.70 
   0.80 
   0.88 
   0.94 
   0.99 
   1.00 
   0.99 
   0.95 
   0.88 
   0.80 
   0.71 
   0.80 
   0.88 
   0.95 
   0.99 
   1.00 
   0.99 
   0.94 
   0.88 
   0.80 
   0.70 
   0.60 
   0.50 
   0.41 
   0.32 
   0.25 
   0.19 
   0.14 
   0.10 
   0.07 
   0.04 
   0.03 
   0.02 
   0.01 
   0.01 
   0.00 
   0.00 
   0.00 
   0.00 
   0.00 
   0.00 
   0.00 
   0.00 
   0.00 
   0.00 
   0.00 
   0.00 
   0.00 
   0.00 
   0.00 
   0.00 
   0.00 
   0.00 
   0.00 
   0.00 
   0.00 
   0.00 
   0.00 
   0.00 
   0.00 
   0.00 
   0.00 
   0.00 
   0.00 
   0.00 
   0.00 
   0.00 
   0.00 
   0.00 
   0.00 
   0.00 
   0.00 
   0.00 
   0.00 
   0.00 
   0.00 
   0.00 
   0.00 
   0.00 
   0.00 
   0.00 
   0.00 
   0.00 
   0.00 
   0.00 
   0.00 
   0.00 
   0.00 
   0.00 
   0.00 
   0.00 
   0.00 
   0.00 
   0.00 
   0.00 
   0.00 
   0.00 
   0.00 
   0.00 
   0.00 
   0.00 
   0.00 
   0.00 
   0.00 
   0.00 
   0.00 
   0.00 
   0.00 
   0.00 
   0.00 
 4325728927514747200000000000000000.00 
