 8105499681993797000000000000000000.00 
 8088169140413821300000000000000000.00 
 8078706326753523800000000000000000.00 
 8157189249364138400000000000000000.00 
 7961103260961452000000000000000000.00 
 8309770310966218600000000000000000.00 
 7822827215483334000000000000000000.00 
 8342333085759581300000000000000000.00 
 8002841647325997900000000000000000.00 
 7910045661981165800000000000000000.00 
 8539097465303796100000000000000000.00 
 7653618762243592100000000000000000.00 
 8111584776256904300000000000000000.00 
 8665413153092358400000000000000000.00 
 7472838045516610500000000000000000.00 
 7864801429425363700000000000000000.00 
 9069328229110392300000000000000000.00 
 8009123574055351500000000000000000.00 
 6789364541156936000000000000000000.00 
 8043960444700881400000000000000000.00 
 9908066030107298100000000000000000.00 
 9562383653537248500000000000000000.00 
 6997739560329608400000000000000000.00 
 3993759831729881400000000000000000.00 
 1831716741188573600000000000000000.00 
 691197321749785830000000000000000.00 
 218406008625375560000000000000000.00 
 58555729262688596000000000000000.00 
 13453008727627327000000000000000.00 
 2668393959558017700000000000000.00 
 459478891891503200000000000000.00 
 68960254957430108000000000000.00 
 9045110375971981400000000000.00 
 1038416070887417800000000000.00 
 104391185400906590000000000.00 
 9183855652284376100000000.00 
 705857384163498160000000.00 
 47259662100518025000000.00 
 2744837856816097400000.00 
 137491650865296050000.00 
 5893775400286289900.00 
 213982486231777280.00 
 6489670888194048.00 
 161338970079232.00 
 3201871904768.00 
 48769429504.00 
 535248992.00 
 3767470.00 
 12771.09 
  -0.00 
  -0.00 
  -0.00 
  -0.00 
  -0.00 
  -0.00 
  -0.00 
  -0.00 
  -0.00 
  -0.00 
  -0.00 
  -0.00 
  -0.00 
  -0.00 
  -0.00 
  -0.00 
  -0.00 
  -0.00 
  -0.00 
  -0.00 
  -0.00 
  -0.00 
  -0.00 
  -0.00 
  -0.00 
  -0.00 
  -0.01 
  -0.02 
  -0.03 
  -0.04 
  -0.06 
  -0.09 
  -0.13 
  -0.17 
  -0.23 
  -0.30 
  -0.39 
  -0.48 
  -0.58 
  -0.68 
  -0.78 
  -0.86 
  -0.93 
  -0.98 
  -1.00 
  -0.99 
  -0.96 
  -0.90 
  -0.82 
  -0.73 
   0.73 
   0.82 
   0.90 
   0.96 
   0.99 
   1.00 
   0.98 
   0.93 
   0.86 
   0.78 
   0.68 
   0.58 
   0.48 
   0.39 
   0.30 
   0.23 
   0.17 
   0.13 
   0.09 
   0.06 
   0.04 
   0.03 
   0.02 
   0.01 
   0.00 
   0.00 
   0.00 
   0.00 
   0.00 
   0.00 
   0.00 
   0.00 
   0.00 
   0.00 
   0.00 
   0.00 
   0.00 
   0.00 
   0.00 
   0.00 
   0.00 
   0.00 
   0.00 
   0.00 
   0.00 
   0.00 
   0.00 
   0.00 
   0.00 
   0.00 
   0.00 
   0.00 
   0.00 
   0.00 
   0.00 
   0.00 
   0.00 
   0.00 
   0.00 
   0.00 
   0.00 
   0.00 
   0.00 
   0.00 
   0.00 
   0.00 
   0.00 
   0.00 
   0.00 
   0.00 
   0.00 
   0.00 
   0.00 
   0.00 
   0.00 
   0.00 
   0.00 
   0.00 
   0.00 
   0.00 
   0.00 
   0.00 
   0.00 
   0.00 
   0.00 
   0.00 
   0.00 
   0.00 
   0.00 
   0.00 
   0.00 
   0.00 
   0.00 
   0.00 
   0.00 
   0.00 
   0.00 
   0.00 
   0.00 
   0.00 
 8094639234029146300000000000000000.00 
