0.010000 	,	 3.000000
0.020000 	,	 5.975000
0.030000 	,	 8.925208
0.040000 	,	 11.850832
0.050000 	,	 14.752075
0.060000 	,	 17.629141
0.070000 	,	 20.482231
0.080000 	,	 23.311546
0.090000 	,	 26.117283
0.100000 	,	 28.899639
0.110000 	,	 31.658809
0.120000 	,	 34.394985
0.130000 	,	 37.108360
0.140000 	,	 39.799124
0.150000 	,	 42.467465
0.160000 	,	 45.113569
0.170000 	,	 47.737623
0.180000 	,	 50.339809
0.190000 	,	 52.920311
0.200000 	,	 55.479308
0.210000 	,	 58.016981
0.220000 	,	 60.533506
0.230000 	,	 63.029060
0.240000 	,	 65.503818
0.250000 	,	 67.957953
0.260000 	,	 70.391636
0.270000 	,	 72.805039
0.280000 	,	 75.198331
0.290000 	,	 77.571678
0.300000 	,	 79.925247
0.310000 	,	 82.259204
0.320000 	,	 84.573710
0.330000 	,	 86.868929
0.340000 	,	 89.145022
0.350000 	,	 91.402146
0.360000 	,	 93.640462
0.370000 	,	 95.860125
0.380000 	,	 98.061290
0.390000 	,	 100.244113
0.400000 	,	 102.408745
0.410000 	,	 104.555339
0.420000 	,	 106.684045
0.430000 	,	 108.795011
0.440000 	,	 110.888386
0.450000 	,	 112.964316
0.460000 	,	 115.022947
0.470000 	,	 117.064422
0.480000 	,	 119.088885
0.490000 	,	 121.096478
0.500000 	,	 123.087340
0.510000 	,	 125.061613
0.520000 	,	 127.019433
0.530000 	,	 128.960937
0.540000 	,	 130.886263
0.550000 	,	 132.795544
0.560000 	,	 134.688914
0.570000 	,	 136.566507
0.580000 	,	 138.428453
0.590000 	,	 140.274882
0.600000 	,	 142.105925
0.610000 	,	 143.921709
0.620000 	,	 145.722361
0.630000 	,	 147.508008
0.640000 	,	 149.278775
0.650000 	,	 151.034785
0.660000 	,	 152.776162
0.670000 	,	 154.503027
0.680000 	,	 156.215502
0.690000 	,	 157.913706
0.700000 	,	 159.597758
0.710000 	,	 161.267777
0.720000 	,	 162.923879
0.730000 	,	 164.566180
0.740000 	,	 166.194795
0.750000 	,	 167.809839
0.760000 	,	 169.411423
0.770000 	,	 170.999661
0.780000 	,	 172.574664
0.790000 	,	 174.136542
0.800000 	,	 175.685404
0.810000 	,	 177.221359
0.820000 	,	 178.744514
0.830000 	,	 180.254977
0.840000 	,	 181.752852
0.850000 	,	 183.238245
0.860000 	,	 184.711260
0.870000 	,	 186.171999
0.880000 	,	 187.620566
0.890000 	,	 189.057061
0.900000 	,	 190.481585
0.910000 	,	 191.894239
0.920000 	,	 193.295120
0.930000 	,	 194.684328
0.940000 	,	 196.061958
0.950000 	,	 197.428109
0.960000 	,	 198.782874
0.970000 	,	 200.126350
0.980000 	,	 201.458631
0.990000 	,	 202.779809
1.000000 	,	 204.089977
1.010000 	,	 205.389227
1.020000 	,	 206.677650
1.030000 	,	 207.955337
1.040000 	,	 209.222376
1.050000 	,	 210.478856
1.060000 	,	 211.724865
1.070000 	,	 212.960491
1.080000 	,	 214.185821
1.090000 	,	 215.400939
1.100000 	,	 216.605931
1.110000 	,	 217.800882
1.120000 	,	 218.985874
1.130000 	,	 220.160992
1.140000 	,	 221.326317
1.150000 	,	 222.481931
1.160000 	,	 223.627915
1.170000 	,	 224.764349
1.180000 	,	 225.891313
1.190000 	,	 227.008885
1.200000 	,	 228.117144
1.210000 	,	 229.216168
1.220000 	,	 230.306033
1.230000 	,	 231.386817
1.240000 	,	 232.458593
1.250000 	,	 233.521438
1.260000 	,	 234.575426
1.270000 	,	 235.620631
1.280000 	,	 236.657126
1.290000 	,	 237.684983
1.300000 	,	 238.704275
1.310000 	,	 239.715072
1.320000 	,	 240.717447
1.330000 	,	 241.711468
1.340000 	,	 242.697206
1.350000 	,	 243.674729
1.360000 	,	 244.644106
1.370000 	,	 245.605406
1.380000 	,	 246.558694
1.390000 	,	 247.504038
1.400000 	,	 248.441504
1.410000 	,	 249.371159
1.420000 	,	 250.293066
1.430000 	,	 251.207290
1.440000 	,	 252.113896
1.450000 	,	 253.012947
1.460000 	,	 253.904506
1.470000 	,	 254.788635
1.480000 	,	 255.665396
1.490000 	,	 256.534851
1.500000 	,	 257.397061
1.510000 	,	 258.252085
1.520000 	,	 259.099984
1.530000 	,	 259.940818
1.540000 	,	 260.774644
1.550000 	,	 261.601522
1.560000 	,	 262.421510
1.570000 	,	 263.234664
1.580000 	,	 264.041042
1.590000 	,	 264.840700
1.600000 	,	 265.633694
1.610000 	,	 266.420080
1.620000 	,	 267.199912
1.630000 	,	 267.973246
1.640000 	,	 268.740136
1.650000 	,	 269.500635
1.660000 	,	 270.254796
1.670000 	,	 271.002673
1.680000 	,	 271.744317
1.690000 	,	 272.479781
1.700000 	,	 273.209116
1.710000 	,	 273.932374
1.720000 	,	 274.649604
1.730000 	,	 275.360857
1.740000 	,	 276.066184
1.750000 	,	 276.765632
1.760000 	,	 277.459252
1.770000 	,	 278.147091
1.780000 	,	 278.829199
1.790000 	,	 279.505622
1.800000 	,	 280.176409
1.810000 	,	 280.841605
1.820000 	,	 281.501259
1.830000 	,	 282.155415
1.840000 	,	 282.804120
1.850000 	,	 283.447419
1.860000 	,	 284.085357
1.870000 	,	 284.717979
1.880000 	,	 285.345329
1.890000 	,	 285.967451
1.900000 	,	 286.584389
1.910000 	,	 287.196186
1.920000 	,	 287.802884
1.930000 	,	 288.404527
1.940000 	,	 289.001156
1.950000 	,	 289.592813
1.960000 	,	 290.179540
1.970000 	,	 290.761377
1.980000 	,	 291.338365
1.990000 	,	 291.910546
2.000000 	,	 292.477958
2.010000 	,	 293.040641
2.020000 	,	 293.598636
2.030000 	,	 294.151981
2.040000 	,	 294.700714
2.050000 	,	 295.244875
2.060000 	,	 295.784501
2.070000 	,	 296.319630
2.080000 	,	 296.850300
2.090000 	,	 297.376547
2.100000 	,	 297.898409
2.110000 	,	 298.415923
2.120000 	,	 298.929123
2.130000 	,	 299.438047
2.140000 	,	 299.942730
2.150000 	,	 300.443208
2.160000 	,	 300.939514
2.170000 	,	 301.431685
2.180000 	,	 301.919754
2.190000 	,	 302.403756
2.200000 	,	 302.883725
2.210000 	,	 303.359694
2.220000 	,	 303.831696
2.230000 	,	 304.299766
2.240000 	,	 304.763934
2.250000 	,	 305.224235
2.260000 	,	 305.680699
2.270000 	,	 306.133360
2.280000 	,	 306.582249
2.290000 	,	 307.027397
2.300000 	,	 307.468835
2.310000 	,	 307.906595
2.320000 	,	 308.340707
2.330000 	,	 308.771201
2.340000 	,	 309.198107
2.350000 	,	 309.621457
2.360000 	,	 310.041278
2.370000 	,	 310.457600
2.380000 	,	 310.870454
2.390000 	,	 311.279867
2.400000 	,	 311.685868
2.410000 	,	 312.088486
2.420000 	,	 312.487748
2.430000 	,	 312.883684
2.440000 	,	 313.276320
2.450000 	,	 313.665684
2.460000 	,	 314.051803
2.470000 	,	 314.434705
2.480000 	,	 314.814415
2.490000 	,	 315.190962
2.500000 	,	 315.564371
2.510000 	,	 315.934667
2.520000 	,	 316.301879
2.530000 	,	 316.666030
2.540000 	,	 317.027146
2.550000 	,	 317.385253
2.560000 	,	 317.740376
2.570000 	,	 318.092539
2.580000 	,	 318.441768
2.590000 	,	 318.788087
2.600000 	,	 319.131520
2.610000 	,	 319.472090
2.620000 	,	 319.809823
2.630000 	,	 320.144741
2.640000 	,	 320.476868
2.650000 	,	 320.806228
2.660000 	,	 321.132842
2.670000 	,	 321.456735
2.680000 	,	 321.777929
2.690000 	,	 322.096446
2.700000 	,	 322.412309
2.710000 	,	 322.725540
2.720000 	,	 323.036161
2.730000 	,	 323.344193
2.740000 	,	 323.649658
2.750000 	,	 323.952577
2.760000 	,	 324.252972
2.770000 	,	 324.550864
2.780000 	,	 324.846274
2.790000 	,	 325.139221
2.800000 	,	 325.429728
2.810000 	,	 325.717814
2.820000 	,	 326.003498
2.830000 	,	 326.286803
2.840000 	,	 326.567746
2.850000 	,	 326.846348
2.860000 	,	 327.122628
2.870000 	,	 327.396607
2.880000 	,	 327.668302
2.890000 	,	 327.937732
2.900000 	,	 328.204918
2.910000 	,	 328.469877
2.920000 	,	 328.732628
2.930000 	,	 328.993189
2.940000 	,	 329.251579
2.950000 	,	 329.507816
2.960000 	,	 329.761918
2.970000 	,	 330.013902
2.980000 	,	 330.263786
2.990000 	,	 330.511588
3.000000 	,	 330.757325
3.010000 	,	 331.001014
3.020000 	,	 331.242672
3.030000 	,	 331.482316
3.040000 	,	 331.719964
3.050000 	,	 331.955630
3.060000 	,	 332.189334
3.070000 	,	 332.421089
3.080000 	,	 332.650913
3.090000 	,	 332.878822
3.100000 	,	 333.104832
3.110000 	,	 333.328959
3.120000 	,	 333.551217
3.130000 	,	 333.771624
3.140000 	,	 333.990194
3.150000 	,	 334.206942
3.160000 	,	 334.421884
3.170000 	,	 334.635035
3.180000 	,	 334.846410
3.190000 	,	 335.056023
3.200000 	,	 335.263890
3.210000 	,	 335.470024
3.220000 	,	 335.674440
3.230000 	,	 335.877153
3.240000 	,	 336.078177
3.250000 	,	 336.277526
3.260000 	,	 336.475213
3.270000 	,	 336.671253
3.280000 	,	 336.865659
3.290000 	,	 337.058445
3.300000 	,	 337.249625
3.310000 	,	 337.439211
3.320000 	,	 337.627218
3.330000 	,	 337.813658
3.340000 	,	 337.998544
3.350000 	,	 338.181889
3.360000 	,	 338.363707
3.370000 	,	 338.544009
3.380000 	,	 338.722809
3.390000 	,	 338.900119
3.400000 	,	 339.075951
3.410000 	,	 339.250319
3.420000 	,	 339.423233
3.430000 	,	 339.594706
3.440000 	,	 339.764750
3.450000 	,	 339.933377
3.460000 	,	 340.100599
3.470000 	,	 340.266427
3.480000 	,	 340.430873
3.490000 	,	 340.593950
3.500000 	,	 340.755667
3.510000 	,	 340.916036
3.520000 	,	 341.075069
3.530000 	,	 341.232777
3.540000 	,	 341.389170
3.550000 	,	 341.544261
3.560000 	,	 341.698058
3.570000 	,	 341.850575
3.580000 	,	 342.001820
3.590000 	,	 342.151805
3.600000 	,	 342.300540
3.610000 	,	 342.448035
3.620000 	,	 342.594302
3.630000 	,	 342.739349
3.640000 	,	 342.883188
3.650000 	,	 343.025828
3.660000 	,	 343.167279
3.670000 	,	 343.307552
3.680000 	,	 343.446656
3.690000 	,	 343.584600
3.700000 	,	 343.721395
3.710000 	,	 343.857050
3.720000 	,	 343.991575
3.730000 	,	 344.124978
3.740000 	,	 344.257270
3.750000 	,	 344.388460
3.760000 	,	 344.518556
3.770000 	,	 344.647568
3.780000 	,	 344.775505
3.790000 	,	 344.902376
3.800000 	,	 345.028189
3.810000 	,	 345.152954
3.820000 	,	 345.276680
3.830000 	,	 345.399374
3.840000 	,	 345.521046
3.850000 	,	 345.641704
3.860000 	,	 345.761356
3.870000 	,	 345.880012
3.880000 	,	 345.997678
3.890000 	,	 346.114364
3.900000 	,	 346.230078
3.910000 	,	 346.344827
3.920000 	,	 346.458620
3.930000 	,	 346.571465
3.940000 	,	 346.683370
3.950000 	,	 346.794342
3.960000 	,	 346.904389
3.970000 	,	 347.013519
3.980000 	,	 347.121739
3.990000 	,	 347.229058
4.000000 	,	 347.335483
4.010000 	,	 347.441020
4.020000 	,	 347.545679
4.030000 	,	 347.649465
4.040000 	,	 347.752386
4.050000 	,	 347.854449
4.060000 	,	 347.955662
4.070000 	,	 348.056032
4.080000 	,	 348.155565
4.090000 	,	 348.254268
4.100000 	,	 348.352149
4.110000 	,	 348.449215
4.120000 	,	 348.545471
4.130000 	,	 348.640926
4.140000 	,	 348.735585
4.150000 	,	 348.829455
4.160000 	,	 348.922543
4.170000 	,	 349.014855
4.180000 	,	 349.106398
4.190000 	,	 349.197178
4.200000 	,	 349.287201
4.210000 	,	 349.376475
4.220000 	,	 349.465004
4.230000 	,	 349.552796
4.240000 	,	 349.639856
4.250000 	,	 349.726190
4.260000 	,	 349.811805
4.270000 	,	 349.896707
4.280000 	,	 349.980901
4.290000 	,	 350.064393
4.300000 	,	 350.147190
4.310000 	,	 350.229297
4.320000 	,	 350.310719
4.330000 	,	 350.391463
4.340000 	,	 350.471535
4.350000 	,	 350.550938
4.360000 	,	 350.629681
4.370000 	,	 350.707767
4.380000 	,	 350.785202
4.390000 	,	 350.861992
4.400000 	,	 350.938142
4.410000 	,	 351.013657
4.420000 	,	 351.088544
4.430000 	,	 351.162806
4.440000 	,	 351.236449
4.450000 	,	 351.309479
4.460000 	,	 351.381900
4.470000 	,	 351.453717
4.480000 	,	 351.524936
4.490000 	,	 351.595562
4.500000 	,	 351.665599
4.510000 	,	 351.735052
4.520000 	,	 351.803927
4.530000 	,	 351.872227
4.540000 	,	 351.939959
4.550000 	,	 352.007126
4.560000 	,	 352.073733
4.570000 	,	 352.139785
4.580000 	,	 352.205287
4.590000 	,	 352.270243
4.600000 	,	 352.334658
4.610000 	,	 352.398535
4.620000 	,	 352.461881
4.630000 	,	 352.524699
4.640000 	,	 352.586993
4.650000 	,	 352.648768
4.660000 	,	 352.710028
4.670000 	,	 352.770778
4.680000 	,	 352.831021
4.690000 	,	 352.890763
4.700000 	,	 352.950007
4.710000 	,	 353.008757
4.720000 	,	 353.067017
4.730000 	,	 353.124792
4.740000 	,	 353.182085
4.750000 	,	 353.238901
4.760000 	,	 353.295244
4.770000 	,	 353.351117
4.780000 	,	 353.406524
4.790000 	,	 353.461470
4.800000 	,	 353.515957
4.810000 	,	 353.569991
4.820000 	,	 353.623574
4.830000 	,	 353.676711
4.840000 	,	 353.729405
4.850000 	,	 353.781660
4.860000 	,	 353.833480
4.870000 	,	 353.884867
4.880000 	,	 353.935827
4.890000 	,	 353.986362
4.900000 	,	 354.036475
4.910000 	,	 354.086171
4.920000 	,	 354.135453
4.930000 	,	 354.184325
4.940000 	,	 354.232788
4.950000 	,	 354.280849
4.960000 	,	 354.328508
4.970000 	,	 354.375771
4.980000 	,	 354.422639
4.990000 	,	 354.469117
5.000000 	,	 354.515208
5.010000 	,	 354.560914
5.020000 	,	 354.606240
5.030000 	,	 354.651188
5.040000 	,	 354.695762
5.050000 	,	 354.739964
5.060000 	,	 354.783797
5.070000 	,	 354.827266
5.080000 	,	 354.870372
5.090000 	,	 354.913119
5.100000 	,	 354.955509
5.110000 	,	 354.997547
5.120000 	,	 355.039234
5.130000 	,	 355.080574
5.140000 	,	 355.121569
5.150000 	,	 355.162222
5.160000 	,	 355.202537
5.170000 	,	 355.242516
5.180000 	,	 355.282162
5.190000 	,	 355.321477
5.200000 	,	 355.360465
5.210000 	,	 355.399128
5.220000 	,	 355.437468
5.230000 	,	 355.475489
5.240000 	,	 355.513193
5.250000 	,	 355.550584
5.260000 	,	 355.587662
5.270000 	,	 355.624431
5.280000 	,	 355.660895
5.290000 	,	 355.697054
5.300000 	,	 355.732912
5.310000 	,	 355.768471
5.320000 	,	 355.803733
5.330000 	,	 355.838702
5.340000 	,	 355.873380
5.350000 	,	 355.907768
5.360000 	,	 355.941870
5.370000 	,	 355.975688
5.380000 	,	 356.009224
5.390000 	,	 356.042480
5.400000 	,	 356.075460
5.410000 	,	 356.108164
5.420000 	,	 356.140596
5.430000 	,	 356.172758
5.440000 	,	 356.204652
5.450000 	,	 356.236280
5.460000 	,	 356.267644
5.470000 	,	 356.298747
5.480000 	,	 356.329591
5.490000 	,	 356.360177
5.500000 	,	 356.390509
5.510000 	,	 356.420588
5.520000 	,	 356.450417
5.530000 	,	 356.479997
5.540000 	,	 356.509330
5.550000 	,	 356.538419
5.560000 	,	 356.567265
5.570000 	,	 356.595871
5.580000 	,	 356.624239
5.590000 	,	 356.652371
5.600000 	,	 356.680267
5.610000 	,	 356.707932
5.620000 	,	 356.735366
5.630000 	,	 356.762571
5.640000 	,	 356.789550
5.650000 	,	 356.816303
5.660000 	,	 356.842834
5.670000 	,	 356.869144
5.680000 	,	 356.895234
5.690000 	,	 356.921107
5.700000 	,	 356.946765
5.710000 	,	 356.972209
5.720000 	,	 356.997440
5.730000 	,	 357.022461
5.740000 	,	 357.047274
5.750000 	,	 357.071880
5.760000 	,	 357.096281
5.770000 	,	 357.120479
5.780000 	,	 357.144475
5.790000 	,	 357.168271
5.800000 	,	 357.191869
5.810000 	,	 357.215270
5.820000 	,	 357.238476
5.830000 	,	 357.261489
5.840000 	,	 357.284310
5.850000 	,	 357.306940
5.860000 	,	 357.329382
5.870000 	,	 357.351638
5.880000 	,	 357.373707
5.890000 	,	 357.395593
5.900000 	,	 357.417296
5.910000 	,	 357.438819
5.920000 	,	 357.460162
5.930000 	,	 357.481328
5.940000 	,	 357.502316
5.950000 	,	 357.523130
5.960000 	,	 357.543771
5.970000 	,	 357.564240
5.980000 	,	 357.584538
5.990000 	,	 357.604666
6.000000 	,	 357.624628
6.010000 	,	 357.644422
6.020000 	,	 357.664052
6.030000 	,	 357.683518
6.040000 	,	 357.702822
6.050000 	,	 357.721966
6.060000 	,	 357.740949
6.070000 	,	 357.759775
6.080000 	,	 357.778443
6.090000 	,	 357.796956
6.100000 	,	 357.815315
6.110000 	,	 357.833521
6.120000 	,	 357.851575
6.130000 	,	 357.869478
6.140000 	,	 357.887232
6.150000 	,	 357.904839
6.160000 	,	 357.922299
6.170000 	,	 357.939613
6.180000 	,	 357.956783
6.190000 	,	 357.973809
6.200000 	,	 357.990694
6.210000 	,	 358.007439
6.220000 	,	 358.024043
6.230000 	,	 358.040510
6.240000 	,	 358.056839
6.250000 	,	 358.073032
6.260000 	,	 358.089090
6.270000 	,	 358.105014
6.280000 	,	 358.120805
6.290000 	,	 358.136465
6.300000 	,	 358.151995
6.310000 	,	 358.167395
6.320000 	,	 358.182667
6.330000 	,	 358.197811
6.340000 	,	 358.212829
6.350000 	,	 358.227722
6.360000 	,	 358.242491
6.370000 	,	 358.257137
6.380000 	,	 358.271661
6.390000 	,	 358.286064
6.400000 	,	 358.300347
6.410000 	,	 358.314511
6.420000 	,	 358.328556
6.430000 	,	 358.342485
6.440000 	,	 358.356298
6.450000 	,	 358.369995
6.460000 	,	 358.383579
6.470000 	,	 358.397049
6.480000 	,	 358.410407
6.490000 	,	 358.423653
6.500000 	,	 358.436789
6.510000 	,	 358.449816
6.520000 	,	 358.462734
6.530000 	,	 358.475545
6.540000 	,	 358.488249
6.550000 	,	 358.500847
6.560000 	,	 358.513340
6.570000 	,	 358.525728
6.580000 	,	 358.538014
6.590000 	,	 358.550197
6.600000 	,	 358.562279
6.610000 	,	 358.574260
6.620000 	,	 358.586141
6.630000 	,	 358.597923
6.640000 	,	 358.609607
6.650000 	,	 358.621194
6.660000 	,	 358.632684
6.670000 	,	 358.644078
6.680000 	,	 358.655378
6.690000 	,	 358.666583
6.700000 	,	 358.677695
6.710000 	,	 358.688714
6.720000 	,	 358.699641
6.730000 	,	 358.710477
6.740000 	,	 358.721224
6.750000 	,	 358.731880
6.760000 	,	 358.742448
6.770000 	,	 358.752927
6.780000 	,	 358.763320
6.790000 	,	 358.773625
6.800000 	,	 358.783845
6.810000 	,	 358.793980
6.820000 	,	 358.804030
6.830000 	,	 358.813996
6.840000 	,	 358.823880
6.850000 	,	 358.833681
6.860000 	,	 358.843400
6.870000 	,	 358.853038
6.880000 	,	 358.862596
6.890000 	,	 358.872075
6.900000 	,	 358.881474
6.910000 	,	 358.890795
6.920000 	,	 358.900038
6.930000 	,	 358.909205
6.940000 	,	 358.918295
6.950000 	,	 358.927309
6.960000 	,	 358.936248
6.970000 	,	 358.945113
6.980000 	,	 358.953903
6.990000 	,	 358.962621
7.000000 	,	 358.971266
7.010000 	,	 358.979838
7.020000 	,	 358.988340
7.030000 	,	 358.996770
7.040000 	,	 359.005131
7.050000 	,	 359.013421
7.060000 	,	 359.021643
7.070000 	,	 359.029796
7.080000 	,	 359.037881
7.090000 	,	 359.045898
7.100000 	,	 359.053849
7.110000 	,	 359.061734
7.120000 	,	 359.069553
7.130000 	,	 359.077306
7.140000 	,	 359.084995
7.150000 	,	 359.092620
7.160000 	,	 359.100182
7.170000 	,	 359.107680
7.180000 	,	 359.115116
7.190000 	,	 359.122490
7.200000 	,	 359.129803
7.210000 	,	 359.137055
7.220000 	,	 359.144246
7.230000 	,	 359.151377
7.240000 	,	 359.158449
7.250000 	,	 359.165462
7.260000 	,	 359.172416
7.270000 	,	 359.179313
7.280000 	,	 359.186152
7.290000 	,	 359.192934
7.300000 	,	 359.199660
7.310000 	,	 359.206329
7.320000 	,	 359.212943
7.330000 	,	 359.219502
7.340000 	,	 359.226006
7.350000 	,	 359.232456
7.360000 	,	 359.238852
7.370000 	,	 359.245195
7.380000 	,	 359.251485
7.390000 	,	 359.257723
7.400000 	,	 359.263908
7.410000 	,	 359.270043
7.420000 	,	 359.276125
7.430000 	,	 359.282158
7.440000 	,	 359.288140
7.450000 	,	 359.294072
7.460000 	,	 359.299955
7.470000 	,	 359.305788
7.480000 	,	 359.311574
7.490000 	,	 359.317310
7.500000 	,	 359.322999
7.510000 	,	 359.328641
7.520000 	,	 359.334236
7.530000 	,	 359.339784
7.540000 	,	 359.345286
7.550000 	,	 359.350742
7.560000 	,	 359.356152
7.570000 	,	 359.361517
7.580000 	,	 359.366838
7.590000 	,	 359.372115
7.600000 	,	 359.377347
7.610000 	,	 359.382536
7.620000 	,	 359.387681
7.630000 	,	 359.392784
7.640000 	,	 359.397844
7.650000 	,	 359.402862
7.660000 	,	 359.407838
7.670000 	,	 359.412773
7.680000 	,	 359.417666
7.690000 	,	 359.422519
7.700000 	,	 359.427331
7.710000 	,	 359.432104
7.720000 	,	 359.436836
7.730000 	,	 359.441529
7.740000 	,	 359.446183
7.750000 	,	 359.450798
7.760000 	,	 359.455375
7.770000 	,	 359.459913
7.780000 	,	 359.464414
7.790000 	,	 359.468877
7.800000 	,	 359.473303
7.810000 	,	 359.477693
7.820000 	,	 359.482045
7.830000 	,	 359.486361
7.840000 	,	 359.490642
7.850000 	,	 359.494886
7.860000 	,	 359.499096
7.870000 	,	 359.503270
7.880000 	,	 359.507409
7.890000 	,	 359.511514
7.900000 	,	 359.515585
7.910000 	,	 359.519622
7.920000 	,	 359.523625
7.930000 	,	 359.527595
7.940000 	,	 359.531531
7.950000 	,	 359.535435
7.960000 	,	 359.539307
7.970000 	,	 359.543146
7.980000 	,	 359.546953
7.990000 	,	 359.550728
8.000000 	,	 359.554472
8.010000 	,	 359.558185
8.020000 	,	 359.561867
8.030000 	,	 359.565518
8.040000 	,	 359.569139
8.050000 	,	 359.572729
8.060000 	,	 359.576290
8.070000 	,	 359.579821
8.080000 	,	 359.583322
8.090000 	,	 359.586794
8.100000 	,	 359.590238
8.110000 	,	 359.593652
8.120000 	,	 359.597039
8.130000 	,	 359.600397
8.140000 	,	 359.603727
8.150000 	,	 359.607029
8.160000 	,	 359.610304
8.170000 	,	 359.613551
8.180000 	,	 359.616772
8.190000 	,	 359.619965
8.200000 	,	 359.623132
8.210000 	,	 359.626273
8.220000 	,	 359.629387
8.230000 	,	 359.632476
8.240000 	,	 359.635538
8.250000 	,	 359.638575
8.260000 	,	 359.641587
8.270000 	,	 359.644574
8.280000 	,	 359.647536
8.290000 	,	 359.650473
8.300000 	,	 359.653386
8.310000 	,	 359.656274
8.320000 	,	 359.659139
8.330000 	,	 359.661979
8.340000 	,	 359.664796
8.350000 	,	 359.667589
8.360000 	,	 359.670360
8.370000 	,	 359.673107
8.380000 	,	 359.675831
8.390000 	,	 359.678532
8.400000 	,	 359.681211
8.410000 	,	 359.683868
8.420000 	,	 359.686502
8.430000 	,	 359.689114
8.440000 	,	 359.691705
8.450000 	,	 359.694274
8.460000 	,	 359.696822
8.470000 	,	 359.699348
8.480000 	,	 359.701854
8.490000 	,	 359.704338
8.500000 	,	 359.706802
8.510000 	,	 359.709246
8.520000 	,	 359.711669
8.530000 	,	 359.714071
8.540000 	,	 359.716454
8.550000 	,	 359.718817
8.560000 	,	 359.721160
8.570000 	,	 359.723484
8.580000 	,	 359.725788
8.590000 	,	 359.728073
8.600000 	,	 359.730339
8.610000 	,	 359.732586
8.620000 	,	 359.734815
8.630000 	,	 359.737025
8.640000 	,	 359.739216
8.650000 	,	 359.741389
8.660000 	,	 359.743545
8.670000 	,	 359.745682
8.680000 	,	 359.747801
8.690000 	,	 359.749903
8.700000 	,	 359.751987
8.710000 	,	 359.754054
8.720000 	,	 359.756103
8.730000 	,	 359.758136
8.740000 	,	 359.760151
8.750000 	,	 359.762150
8.760000 	,	 359.764132
8.770000 	,	 359.766098
8.780000 	,	 359.768047
8.790000 	,	 359.769980
8.800000 	,	 359.771896
8.810000 	,	 359.773797
8.820000 	,	 359.775682
8.830000 	,	 359.777552
8.840000 	,	 359.779405
8.850000 	,	 359.781244
8.860000 	,	 359.783067
8.870000 	,	 359.784874
8.880000 	,	 359.786667
8.890000 	,	 359.788445
8.900000 	,	 359.790208
8.910000 	,	 359.791956
8.920000 	,	 359.793690
8.930000 	,	 359.795409
8.940000 	,	 359.797114
8.950000 	,	 359.798805
8.960000 	,	 359.800481
8.970000 	,	 359.802144
8.980000 	,	 359.803793
8.990000 	,	 359.805428
9.000000 	,	 359.807049
9.010000 	,	 359.808657
9.020000 	,	 359.810252
9.030000 	,	 359.811833
9.040000 	,	 359.813401
9.050000 	,	 359.814956
9.060000 	,	 359.816498
9.070000 	,	 359.818027
9.080000 	,	 359.819544
9.090000 	,	 359.821048
9.100000 	,	 359.822539
9.110000 	,	 359.824018
9.120000 	,	 359.825484
9.130000 	,	 359.826938
9.140000 	,	 359.828381
9.150000 	,	 359.829811
9.160000 	,	 359.831229
9.170000 	,	 359.832635
9.180000 	,	 359.834030
9.190000 	,	 359.835413
9.200000 	,	 359.836785
9.210000 	,	 359.838145
9.220000 	,	 359.839494
9.230000 	,	 359.840831
9.240000 	,	 359.842158
9.250000 	,	 359.843473
9.260000 	,	 359.844777
9.270000 	,	 359.846071
9.280000 	,	 359.847354
9.290000 	,	 359.848626
9.300000 	,	 359.849887
9.310000 	,	 359.851138
9.320000 	,	 359.852379
9.330000 	,	 359.853609
9.340000 	,	 359.854829
9.350000 	,	 359.856039
9.360000 	,	 359.857238
9.370000 	,	 359.858428
9.380000 	,	 359.859608
9.390000 	,	 359.860778
9.400000 	,	 359.861938
9.410000 	,	 359.863088
9.420000 	,	 359.864229
9.430000 	,	 359.865361
9.440000 	,	 359.866483
9.450000 	,	 359.867595
9.460000 	,	 359.868699
9.470000 	,	 359.869793
9.480000 	,	 359.870878
9.490000 	,	 359.871954
9.500000 	,	 359.873021
9.510000 	,	 359.874079
9.520000 	,	 359.875128
9.530000 	,	 359.876169
9.540000 	,	 359.877201
9.550000 	,	 359.878224
9.560000 	,	 359.879239
9.570000 	,	 359.880245
9.580000 	,	 359.881243
9.590000 	,	 359.882233
9.600000 	,	 359.883214
9.610000 	,	 359.884188
9.620000 	,	 359.885153
9.630000 	,	 359.886110
9.640000 	,	 359.887059
9.650000 	,	 359.888000
9.660000 	,	 359.888933
9.670000 	,	 359.889859
9.680000 	,	 359.890777
9.690000 	,	 359.891687
9.700000 	,	 359.892590
9.710000 	,	 359.893485
9.720000 	,	 359.894372
9.730000 	,	 359.895253
9.740000 	,	 359.896125
9.750000 	,	 359.896991
9.760000 	,	 359.897849
9.770000 	,	 359.898701
9.780000 	,	 359.899545
9.790000 	,	 359.900382
9.800000 	,	 359.901212
9.810000 	,	 359.902035
9.820000 	,	 359.902852
9.830000 	,	 359.903661
9.840000 	,	 359.904464
9.850000 	,	 359.905260
9.860000 	,	 359.906050
9.870000 	,	 359.906833
9.880000 	,	 359.907609
9.890000 	,	 359.908379
9.900000 	,	 359.909143
9.910000 	,	 359.909900
9.920000 	,	 359.910651
9.930000 	,	 359.911395
9.940000 	,	 359.912133
9.950000 	,	 359.912866
9.960000 	,	 359.913592
9.970000 	,	 359.914312
9.980000 	,	 359.915026
9.990000 	,	 359.915734
10.000000 	,	 359.916436
0.010000 	,	 12.000000
0.020000 	,	 23.900000
0.030000 	,	 35.700833
0.040000 	,	 47.403326
0.050000 	,	 59.008299
0.060000 	,	 70.516563
0.070000 	,	 81.928925
0.080000 	,	 93.246184
0.090000 	,	 104.469132
0.100000 	,	 115.598556
0.110000 	,	 126.635235
0.120000 	,	 137.579941
0.130000 	,	 148.433442
0.140000 	,	 159.196496
0.150000 	,	 169.869859
0.160000 	,	 180.454277
0.170000 	,	 190.950491
0.180000 	,	 201.359237
0.190000 	,	 211.681243
0.200000 	,	 221.917233
0.210000 	,	 232.067923
0.220000 	,	 242.134023
0.230000 	,	 252.116240
0.240000 	,	 262.015271
0.250000 	,	 271.831811
0.260000 	,	 281.566545
0.270000 	,	 291.220158
0.280000 	,	 300.793323
0.290000 	,	 310.286712
0.300000 	,	 319.700989
0.310000 	,	 329.036814
0.320000 	,	 338.294841
0.330000 	,	 347.475717
0.340000 	,	 356.580086
0.350000 	,	 365.608586
0.360000 	,	 374.561847
0.370000 	,	 383.440499
0.380000 	,	 392.245161
0.390000 	,	 400.976452
0.400000 	,	 409.634981
0.410000 	,	 418.221356
0.420000 	,	 426.736178
0.430000 	,	 435.180043
0.440000 	,	 443.553543
0.450000 	,	 451.857264
0.460000 	,	 460.091786
0.470000 	,	 468.257688
0.480000 	,	 476.355541
0.490000 	,	 484.385911
0.500000 	,	 492.349362
0.510000 	,	 500.246451
0.520000 	,	 508.077730
0.530000 	,	 515.843749
0.540000 	,	 523.545051
0.550000 	,	 531.182176
0.560000 	,	 538.755658
0.570000 	,	 546.266027
0.580000 	,	 553.713810
0.590000 	,	 561.099529
0.600000 	,	 568.423699
0.610000 	,	 575.686835
0.620000 	,	 582.889445
0.630000 	,	 590.032033
0.640000 	,	 597.115099
0.650000 	,	 604.139140
0.660000 	,	 611.104647
0.670000 	,	 618.012108
0.680000 	,	 624.862007
0.690000 	,	 631.654824
0.700000 	,	 638.391034
0.710000 	,	 645.071109
0.720000 	,	 651.695516
0.730000 	,	 658.264720
0.740000 	,	 664.779181
0.750000 	,	 671.239354
0.760000 	,	 677.645693
0.770000 	,	 683.998645
0.780000 	,	 690.298657
0.790000 	,	 696.546168
0.800000 	,	 702.741617
0.810000 	,	 708.885436
0.820000 	,	 714.978058
0.830000 	,	 721.019907
0.840000 	,	 727.011408
0.850000 	,	 732.952980
0.860000 	,	 738.845038
0.870000 	,	 744.687996
0.880000 	,	 750.482263
0.890000 	,	 756.228244
0.900000 	,	 761.926342
0.910000 	,	 767.576956
0.920000 	,	 773.180481
0.930000 	,	 778.737310
0.940000 	,	 784.247833
0.950000 	,	 789.712434
0.960000 	,	 795.131497
0.970000 	,	 800.505402
0.980000 	,	 805.834523
0.990000 	,	 811.119235
1.000000 	,	 816.359909
1.010000 	,	 821.556909
1.020000 	,	 826.710602
1.030000 	,	 831.821347
1.040000 	,	 836.889502
1.050000 	,	 841.915423
1.060000 	,	 846.899461
1.070000 	,	 851.841966
1.080000 	,	 856.743283
1.090000 	,	 861.603755
1.100000 	,	 866.423724
1.110000 	,	 871.203526
1.120000 	,	 875.943497
1.130000 	,	 880.643968
1.140000 	,	 885.305268
1.150000 	,	 889.927724
1.160000 	,	 894.511660
1.170000 	,	 899.057396
1.180000 	,	 903.565251
1.190000 	,	 908.035540
1.200000 	,	 912.468578
1.210000 	,	 916.864673
1.220000 	,	 921.224134
1.230000 	,	 925.547266
1.240000 	,	 929.834372
1.250000 	,	 934.085752
1.260000 	,	 938.301704
1.270000 	,	 942.482524
1.280000 	,	 946.628503
1.290000 	,	 950.739932
1.300000 	,	 954.817099
1.310000 	,	 958.860290
1.320000 	,	 962.869787
1.330000 	,	 966.845872
1.340000 	,	 970.788824
1.350000 	,	 974.698917
1.360000 	,	 978.576426
1.370000 	,	 982.421622
1.380000 	,	 986.234775
1.390000 	,	 990.016152
1.400000 	,	 993.766018
1.410000 	,	 997.484634
1.420000 	,	 1001.172262
1.430000 	,	 1004.829160
1.440000 	,	 1008.455584
1.450000 	,	 1012.051787
1.460000 	,	 1015.618022
1.470000 	,	 1019.154539
1.480000 	,	 1022.661584
1.490000 	,	 1026.139404
1.500000 	,	 1029.588243
1.510000 	,	 1033.008341
1.520000 	,	 1036.399938
1.530000 	,	 1039.763272
1.540000 	,	 1043.098578
1.550000 	,	 1046.406090
1.560000 	,	 1049.686039
1.570000 	,	 1052.938655
1.580000 	,	 1056.164166
1.590000 	,	 1059.362798
1.600000 	,	 1062.534775
1.610000 	,	 1065.680319
1.620000 	,	 1068.799649
1.630000 	,	 1071.892985
1.640000 	,	 1074.960544
1.650000 	,	 1078.002539
1.660000 	,	 1081.019185
1.670000 	,	 1084.010692
1.680000 	,	 1086.977269
1.690000 	,	 1089.919125
1.700000 	,	 1092.836466
1.710000 	,	 1095.729495
1.720000 	,	 1098.598416
1.730000 	,	 1101.443429
1.740000 	,	 1104.264734
1.750000 	,	 1107.062528
1.760000 	,	 1109.837007
1.770000 	,	 1112.588365
1.780000 	,	 1115.316796
1.790000 	,	 1118.022489
1.800000 	,	 1120.705635
1.810000 	,	 1123.366421
1.820000 	,	 1126.005034
1.830000 	,	 1128.621659
1.840000 	,	 1131.216479
1.850000 	,	 1133.789675
1.860000 	,	 1136.341427
1.870000 	,	 1138.871915
1.880000 	,	 1141.381316
1.890000 	,	 1143.869805
1.900000 	,	 1146.337557
1.910000 	,	 1148.784744
1.920000 	,	 1151.211538
1.930000 	,	 1153.618108
1.940000 	,	 1156.004624
1.950000 	,	 1158.371252
1.960000 	,	 1160.718158
1.970000 	,	 1163.045507
1.980000 	,	 1165.353461
1.990000 	,	 1167.642182
2.000000 	,	 1169.911831
2.010000 	,	 1172.162565
2.020000 	,	 1174.394544
2.030000 	,	 1176.607923
2.040000 	,	 1178.802857
2.050000 	,	 1180.979500
2.060000 	,	 1183.138004
2.070000 	,	 1185.278521
2.080000 	,	 1187.401200
2.090000 	,	 1189.506190
2.100000 	,	 1191.593638
2.110000 	,	 1193.663691
2.120000 	,	 1195.716494
2.130000 	,	 1197.752189
2.140000 	,	 1199.770921
2.150000 	,	 1201.772830
2.160000 	,	 1203.758057
2.170000 	,	 1205.726739
2.180000 	,	 1207.679017
2.190000 	,	 1209.615025
2.200000 	,	 1211.534900
2.210000 	,	 1213.438775
2.220000 	,	 1215.326786
2.230000 	,	 1217.199062
2.240000 	,	 1219.055737
2.250000 	,	 1220.896939
2.260000 	,	 1222.722798
2.270000 	,	 1224.533441
2.280000 	,	 1226.328996
2.290000 	,	 1228.109588
2.300000 	,	 1229.875341
2.310000 	,	 1231.626380
2.320000 	,	 1233.362827
2.330000 	,	 1235.084803
2.340000 	,	 1236.792430
2.350000 	,	 1238.485826
2.360000 	,	 1240.165111
2.370000 	,	 1241.830402
2.380000 	,	 1243.481815
2.390000 	,	 1245.119467
2.400000 	,	 1246.743471
2.410000 	,	 1248.353942
2.420000 	,	 1249.950993
2.430000 	,	 1251.534734
2.440000 	,	 1253.105278
2.450000 	,	 1254.662734
2.460000 	,	 1256.207211
2.470000 	,	 1257.738818
2.480000 	,	 1259.257661
2.490000 	,	 1260.763847
2.500000 	,	 1262.257482
2.510000 	,	 1263.738670
2.520000 	,	 1265.207514
2.530000 	,	 1266.664118
2.540000 	,	 1268.108584
2.550000 	,	 1269.541012
2.560000 	,	 1270.961504
2.570000 	,	 1272.370158
2.580000 	,	 1273.767073
2.590000 	,	 1275.152348
2.600000 	,	 1276.526078
2.610000 	,	 1277.888361
2.620000 	,	 1279.239291
2.630000 	,	 1280.578964
2.640000 	,	 1281.907472
2.650000 	,	 1283.224910
2.660000 	,	 1284.531369
2.670000 	,	 1285.826941
2.680000 	,	 1287.111717
2.690000 	,	 1288.385786
2.700000 	,	 1289.649237
2.710000 	,	 1290.902160
2.720000 	,	 1292.144642
2.730000 	,	 1293.376770
2.740000 	,	 1294.598631
2.750000 	,	 1295.810309
2.760000 	,	 1297.011889
2.770000 	,	 1298.203457
2.780000 	,	 1299.385095
2.790000 	,	 1300.556886
2.800000 	,	 1301.718912
2.810000 	,	 1302.871254
2.820000 	,	 1304.013994
2.830000 	,	 1305.147210
2.840000 	,	 1306.270984
2.850000 	,	 1307.385392
2.860000 	,	 1308.490514
2.870000 	,	 1309.586426
2.880000 	,	 1310.673206
2.890000 	,	 1311.750929
2.900000 	,	 1312.819672
2.910000 	,	 1313.879508
2.920000 	,	 1314.930512
2.930000 	,	 1315.972757
2.940000 	,	 1317.006318
2.950000 	,	 1318.031265
2.960000 	,	 1319.047671
2.970000 	,	 1320.055607
2.980000 	,	 1321.055144
2.990000 	,	 1322.046351
3.000000 	,	 1323.029298
3.010000 	,	 1324.004054
3.020000 	,	 1324.970687
3.030000 	,	 1325.929265
3.040000 	,	 1326.879854
3.050000 	,	 1327.822522
3.060000 	,	 1328.757334
3.070000 	,	 1329.684356
3.080000 	,	 1330.603653
3.090000 	,	 1331.515290
3.100000 	,	 1332.419329
3.110000 	,	 1333.315835
3.120000 	,	 1334.204869
3.130000 	,	 1335.086495
3.140000 	,	 1335.960775
3.150000 	,	 1336.827768
3.160000 	,	 1337.687537
3.170000 	,	 1338.540141
3.180000 	,	 1339.385639
3.190000 	,	 1340.224092
3.200000 	,	 1341.055558
3.210000 	,	 1341.880095
3.220000 	,	 1342.697761
3.230000 	,	 1343.508613
3.240000 	,	 1344.312708
3.250000 	,	 1345.110102
3.260000 	,	 1345.900851
3.270000 	,	 1346.685011
3.280000 	,	 1347.462636
3.290000 	,	 1348.233780
3.300000 	,	 1348.998499
3.310000 	,	 1349.756845
3.320000 	,	 1350.508871
3.330000 	,	 1351.254631
3.340000 	,	 1351.994175
3.350000 	,	 1352.727557
3.360000 	,	 1353.454827
3.370000 	,	 1354.176037
3.380000 	,	 1354.891237
3.390000 	,	 1355.600477
3.400000 	,	 1356.303806
3.410000 	,	 1357.001274
3.420000 	,	 1357.692930
3.430000 	,	 1358.378823
3.440000 	,	 1359.058999
3.450000 	,	 1359.733507
3.460000 	,	 1360.402395
3.470000 	,	 1361.065708
3.480000 	,	 1361.723494
3.490000 	,	 1362.375798
3.500000 	,	 1363.022667
3.510000 	,	 1363.664144
3.520000 	,	 1364.300276
3.530000 	,	 1364.931107
3.540000 	,	 1365.556682
3.550000 	,	 1366.177043
3.560000 	,	 1366.792234
3.570000 	,	 1367.402299
3.580000 	,	 1368.007279
3.590000 	,	 1368.607219
3.600000 	,	 1369.202159
3.610000 	,	 1369.792141
3.620000 	,	 1370.377206
3.630000 	,	 1370.957396
3.640000 	,	 1371.532751
3.650000 	,	 1372.103312
3.660000 	,	 1372.669117
3.670000 	,	 1373.230208
3.680000 	,	 1373.786623
3.690000 	,	 1374.338401
3.700000 	,	 1374.885581
3.710000 	,	 1375.428201
3.720000 	,	 1375.966299
3.730000 	,	 1376.499914
3.740000 	,	 1377.029081
3.750000 	,	 1377.553839
3.760000 	,	 1378.074223
3.770000 	,	 1378.590272
3.780000 	,	 1379.102019
3.790000 	,	 1379.609502
3.800000 	,	 1380.112757
3.810000 	,	 1380.611817
3.820000 	,	 1381.106718
3.830000 	,	 1381.597496
3.840000 	,	 1382.084183
3.850000 	,	 1382.566815
3.860000 	,	 1383.045425
3.870000 	,	 1383.520046
3.880000 	,	 1383.990713
3.890000 	,	 1384.457457
3.900000 	,	 1384.920311
3.910000 	,	 1385.379309
3.920000 	,	 1385.834481
3.930000 	,	 1386.285861
3.940000 	,	 1386.733478
3.950000 	,	 1387.177366
3.960000 	,	 1387.617555
3.970000 	,	 1388.054075
3.980000 	,	 1388.486958
3.990000 	,	 1388.916233
4.000000 	,	 1389.341931
4.010000 	,	 1389.764082
4.020000 	,	 1390.182714
4.030000 	,	 1390.597858
4.040000 	,	 1391.009543
4.050000 	,	 1391.417797
4.060000 	,	 1391.822648
4.070000 	,	 1392.224126
4.080000 	,	 1392.622259
4.090000 	,	 1393.017073
4.100000 	,	 1393.408598
4.110000 	,	 1393.796859
4.120000 	,	 1394.181885
4.130000 	,	 1394.563703
4.140000 	,	 1394.942339
4.150000 	,	 1395.317819
4.160000 	,	 1395.690171
4.170000 	,	 1396.059419
4.180000 	,	 1396.425591
4.190000 	,	 1396.788711
4.200000 	,	 1397.148805
4.210000 	,	 1397.505898
4.220000 	,	 1397.860016
4.230000 	,	 1398.211182
4.240000 	,	 1398.559423
4.250000 	,	 1398.904761
4.260000 	,	 1399.247221
4.270000 	,	 1399.586828
4.280000 	,	 1399.923604
4.290000 	,	 1400.257574
4.300000 	,	 1400.588761
4.310000 	,	 1400.917188
4.320000 	,	 1401.242878
4.330000 	,	 1401.565854
4.340000 	,	 1401.886138
4.350000 	,	 1402.203754
4.360000 	,	 1402.518723
4.370000 	,	 1402.831067
4.380000 	,	 1403.140808
4.390000 	,	 1403.447968
4.400000 	,	 1403.752568
4.410000 	,	 1404.054630
4.420000 	,	 1404.354175
4.430000 	,	 1404.651223
4.440000 	,	 1404.945796
4.450000 	,	 1405.237915
4.460000 	,	 1405.527599
4.470000 	,	 1405.814869
4.480000 	,	 1406.099745
4.490000 	,	 1406.382247
4.500000 	,	 1406.662395
4.510000 	,	 1406.940208
4.520000 	,	 1407.215707
4.530000 	,	 1407.488909
4.540000 	,	 1407.759835
4.550000 	,	 1408.028503
4.560000 	,	 1408.294932
4.570000 	,	 1408.559141
4.580000 	,	 1408.821148
4.590000 	,	 1409.080972
4.600000 	,	 1409.338630
4.610000 	,	 1409.594142
4.620000 	,	 1409.847524
4.630000 	,	 1410.098795
4.640000 	,	 1410.347971
4.650000 	,	 1410.595072
4.660000 	,	 1410.840113
4.670000 	,	 1411.083112
4.680000 	,	 1411.324086
4.690000 	,	 1411.563052
4.700000 	,	 1411.800026
4.710000 	,	 1412.035026
4.720000 	,	 1412.268067
4.730000 	,	 1412.499167
4.740000 	,	 1412.728341
4.750000 	,	 1412.955604
4.760000 	,	 1413.180974
4.770000 	,	 1413.404466
4.780000 	,	 1413.626096
4.790000 	,	 1413.845878
4.800000 	,	 1414.063829
4.810000 	,	 1414.279964
4.820000 	,	 1414.494298
4.830000 	,	 1414.706845
4.840000 	,	 1414.917621
4.850000 	,	 1415.126641
4.860000 	,	 1415.333919
4.870000 	,	 1415.539470
4.880000 	,	 1415.743308
4.890000 	,	 1415.945447
4.900000 	,	 1416.145901
4.910000 	,	 1416.344685
4.920000 	,	 1416.541813
4.930000 	,	 1416.737298
4.940000 	,	 1416.931154
4.950000 	,	 1417.123394
4.960000 	,	 1417.314033
4.970000 	,	 1417.503082
4.980000 	,	 1417.690557
4.990000 	,	 1417.876469
5.000000 	,	 1418.060831
5.010000 	,	 1418.243658
5.020000 	,	 1418.424961
5.030000 	,	 1418.604753
5.040000 	,	 1418.783046
5.050000 	,	 1418.959854
5.060000 	,	 1419.135189
5.070000 	,	 1419.309062
5.080000 	,	 1419.481487
5.090000 	,	 1419.652474
5.100000 	,	 1419.822037
5.110000 	,	 1419.990187
5.120000 	,	 1420.156935
5.130000 	,	 1420.322294
5.140000 	,	 1420.486275
5.150000 	,	 1420.648889
5.160000 	,	 1420.810149
5.170000 	,	 1420.970064
5.180000 	,	 1421.128647
5.190000 	,	 1421.285908
5.200000 	,	 1421.441859
5.210000 	,	 1421.596510
5.220000 	,	 1421.749873
5.230000 	,	 1421.901957
5.240000 	,	 1422.052774
5.250000 	,	 1422.202334
5.260000 	,	 1422.350648
5.270000 	,	 1422.497726
5.280000 	,	 1422.643578
5.290000 	,	 1422.788215
5.300000 	,	 1422.931647
5.310000 	,	 1423.073883
5.320000 	,	 1423.214934
5.330000 	,	 1423.354809
5.340000 	,	 1423.493519
5.350000 	,	 1423.631073
5.360000 	,	 1423.767481
5.370000 	,	 1423.902752
5.380000 	,	 1424.036896
5.390000 	,	 1424.169922
5.400000 	,	 1424.301839
5.410000 	,	 1424.432657
5.420000 	,	 1424.562385
5.430000 	,	 1424.691032
5.440000 	,	 1424.818606
5.450000 	,	 1424.945118
5.460000 	,	 1425.070575
5.470000 	,	 1425.194987
5.480000 	,	 1425.318362
5.490000 	,	 1425.440709
5.500000 	,	 1425.562037
5.510000 	,	 1425.682353
5.520000 	,	 1425.801667
5.530000 	,	 1425.919986
5.540000 	,	 1426.037320
5.550000 	,	 1426.153675
5.560000 	,	 1426.269061
5.570000 	,	 1426.383486
5.580000 	,	 1426.496957
5.590000 	,	 1426.609482
5.600000 	,	 1426.721070
5.610000 	,	 1426.831728
5.620000 	,	 1426.941463
5.630000 	,	 1427.050284
5.640000 	,	 1427.158199
5.650000 	,	 1427.265214
5.660000 	,	 1427.371337
5.670000 	,	 1427.476576
5.680000 	,	 1427.580938
5.690000 	,	 1427.684430
5.700000 	,	 1427.787060
5.710000 	,	 1427.888834
5.720000 	,	 1427.989760
5.730000 	,	 1428.089846
5.740000 	,	 1428.189097
5.750000 	,	 1428.287521
5.760000 	,	 1428.385125
5.770000 	,	 1428.481916
5.780000 	,	 1428.577900
5.790000 	,	 1428.673084
5.800000 	,	 1428.767475
5.810000 	,	 1428.861079
5.820000 	,	 1428.953904
5.830000 	,	 1429.045955
5.840000 	,	 1429.137238
5.850000 	,	 1429.227761
5.860000 	,	 1429.317530
5.870000 	,	 1429.406551
5.880000 	,	 1429.494829
5.890000 	,	 1429.582372
5.900000 	,	 1429.669186
5.910000 	,	 1429.755276
5.920000 	,	 1429.840649
5.930000 	,	 1429.925310
5.940000 	,	 1430.009266
5.950000 	,	 1430.092522
5.960000 	,	 1430.175084
5.970000 	,	 1430.256958
5.980000 	,	 1430.338150
5.990000 	,	 1430.418666
6.000000 	,	 1430.498510
6.010000 	,	 1430.577689
6.020000 	,	 1430.656209
6.030000 	,	 1430.734074
6.040000 	,	 1430.811290
6.050000 	,	 1430.887862
6.060000 	,	 1430.963797
6.070000 	,	 1431.039098
6.080000 	,	 1431.113773
6.090000 	,	 1431.187825
6.100000 	,	 1431.261259
6.110000 	,	 1431.334082
6.120000 	,	 1431.406298
6.130000 	,	 1431.477912
6.140000 	,	 1431.548930
6.150000 	,	 1431.619355
6.160000 	,	 1431.689194
6.170000 	,	 1431.758451
6.180000 	,	 1431.827130
6.190000 	,	 1431.895238
6.200000 	,	 1431.962777
6.210000 	,	 1432.029754
6.220000 	,	 1432.096173
6.230000 	,	 1432.162038
6.240000 	,	 1432.227354
6.250000 	,	 1432.292126
6.260000 	,	 1432.356359
6.270000 	,	 1432.420056
6.280000 	,	 1432.483222
6.290000 	,	 1432.545862
6.300000 	,	 1432.607980
6.310000 	,	 1432.669580
6.320000 	,	 1432.730667
6.330000 	,	 1432.791244
6.340000 	,	 1432.851317
6.350000 	,	 1432.910890
6.360000 	,	 1432.969966
6.370000 	,	 1433.028549
6.380000 	,	 1433.086645
6.390000 	,	 1433.144256
6.400000 	,	 1433.201387
6.410000 	,	 1433.258042
6.420000 	,	 1433.314225
6.430000 	,	 1433.369940
6.440000 	,	 1433.425190
6.450000 	,	 1433.479981
6.460000 	,	 1433.534314
6.470000 	,	 1433.588195
6.480000 	,	 1433.641626
6.490000 	,	 1433.694613
6.500000 	,	 1433.747158
6.510000 	,	 1433.799265
6.520000 	,	 1433.850938
6.530000 	,	 1433.902180
6.540000 	,	 1433.952995
6.550000 	,	 1434.003387
6.560000 	,	 1434.053358
6.570000 	,	 1434.102914
6.580000 	,	 1434.152056
6.590000 	,	 1434.200789
6.600000 	,	 1434.249116
6.610000 	,	 1434.297040
6.620000 	,	 1434.344565
6.630000 	,	 1434.391693
6.640000 	,	 1434.438429
6.650000 	,	 1434.484775
6.660000 	,	 1434.530736
6.670000 	,	 1434.576313
6.680000 	,	 1434.621510
6.690000 	,	 1434.666331
6.700000 	,	 1434.710778
6.710000 	,	 1434.754855
6.720000 	,	 1434.798565
6.730000 	,	 1434.841910
6.740000 	,	 1434.884894
6.750000 	,	 1434.927520
6.760000 	,	 1434.969791
6.770000 	,	 1435.011709
6.780000 	,	 1435.053278
6.790000 	,	 1435.094501
6.800000 	,	 1435.135380
6.810000 	,	 1435.175918
6.820000 	,	 1435.216119
6.830000 	,	 1435.255985
6.840000 	,	 1435.295518
6.850000 	,	 1435.334722
6.860000 	,	 1435.373600
6.870000 	,	 1435.412153
6.880000 	,	 1435.450385
6.890000 	,	 1435.488298
6.900000 	,	 1435.525896
6.910000 	,	 1435.563180
6.920000 	,	 1435.600154
6.930000 	,	 1435.636819
6.940000 	,	 1435.673179
6.950000 	,	 1435.709236
6.960000 	,	 1435.744992
6.970000 	,	 1435.780450
6.980000 	,	 1435.815613
6.990000 	,	 1435.850483
7.000000 	,	 1435.885063
7.010000 	,	 1435.919354
7.020000 	,	 1435.953359
7.030000 	,	 1435.987081
7.040000 	,	 1436.020522
7.050000 	,	 1436.053684
7.060000 	,	 1436.086570
7.070000 	,	 1436.119182
7.080000 	,	 1436.151522
7.090000 	,	 1436.183593
7.100000 	,	 1436.215396
7.110000 	,	 1436.246935
7.120000 	,	 1436.278210
7.130000 	,	 1436.309225
7.140000 	,	 1436.339982
7.150000 	,	 1436.370482
7.160000 	,	 1436.400728
7.170000 	,	 1436.430722
7.180000 	,	 1436.460466
7.190000 	,	 1436.489962
7.200000 	,	 1436.519212
7.210000 	,	 1436.548219
7.220000 	,	 1436.576984
7.230000 	,	 1436.605509
7.240000 	,	 1436.633796
7.250000 	,	 1436.661848
7.260000 	,	 1436.689666
7.270000 	,	 1436.717252
7.280000 	,	 1436.744608
7.290000 	,	 1436.771736
7.300000 	,	 1436.798639
7.310000 	,	 1436.825317
7.320000 	,	 1436.851772
7.330000 	,	 1436.878008
7.340000 	,	 1436.904024
7.350000 	,	 1436.929824
7.360000 	,	 1436.955409
7.370000 	,	 1436.980780
7.380000 	,	 1437.005941
7.390000 	,	 1437.030891
7.400000 	,	 1437.055634
7.410000 	,	 1437.080170
7.420000 	,	 1437.104502
7.430000 	,	 1437.128631
7.440000 	,	 1437.152559
7.450000 	,	 1437.176288
7.460000 	,	 1437.199819
7.470000 	,	 1437.223154
7.480000 	,	 1437.246294
7.490000 	,	 1437.269242
7.500000 	,	 1437.291998
7.510000 	,	 1437.314565
7.520000 	,	 1437.336943
7.530000 	,	 1437.359135
7.540000 	,	 1437.381143
7.550000 	,	 1437.402966
7.560000 	,	 1437.424608
7.570000 	,	 1437.446070
7.580000 	,	 1437.467353
7.590000 	,	 1437.488458
7.600000 	,	 1437.509388
7.610000 	,	 1437.530143
7.620000 	,	 1437.550725
7.630000 	,	 1437.571135
7.640000 	,	 1437.591376
7.650000 	,	 1437.611448
7.660000 	,	 1437.631352
7.670000 	,	 1437.651091
7.680000 	,	 1437.670665
7.690000 	,	 1437.690077
7.700000 	,	 1437.709326
7.710000 	,	 1437.728415
7.720000 	,	 1437.747345
7.730000 	,	 1437.766117
7.740000 	,	 1437.784733
7.750000 	,	 1437.803193
7.760000 	,	 1437.821500
7.770000 	,	 1437.839654
7.780000 	,	 1437.857657
7.790000 	,	 1437.875510
7.800000 	,	 1437.893214
7.810000 	,	 1437.910770
7.820000 	,	 1437.928181
7.830000 	,	 1437.945446
7.840000 	,	 1437.962567
7.850000 	,	 1437.979546
7.860000 	,	 1437.996383
7.870000 	,	 1438.013080
7.880000 	,	 1438.029637
7.890000 	,	 1438.046057
7.900000 	,	 1438.062340
7.910000 	,	 1438.078487
7.920000 	,	 1438.094500
7.930000 	,	 1438.110379
7.940000 	,	 1438.126126
7.950000 	,	 1438.141741
7.960000 	,	 1438.157227
7.970000 	,	 1438.172583
7.980000 	,	 1438.187812
7.990000 	,	 1438.202913
8.000000 	,	 1438.217889
8.010000 	,	 1438.232740
8.020000 	,	 1438.247467
8.030000 	,	 1438.262071
8.040000 	,	 1438.276554
8.050000 	,	 1438.290916
8.060000 	,	 1438.305159
8.070000 	,	 1438.319282
8.080000 	,	 1438.333288
8.090000 	,	 1438.347178
8.100000 	,	 1438.360951
8.110000 	,	 1438.374610
8.120000 	,	 1438.388155
8.130000 	,	 1438.401587
8.140000 	,	 1438.414907
8.150000 	,	 1438.428116
8.160000 	,	 1438.441215
8.170000 	,	 1438.454205
8.180000 	,	 1438.467087
8.190000 	,	 1438.479861
8.200000 	,	 1438.492529
8.210000 	,	 1438.505091
8.220000 	,	 1438.517548
8.230000 	,	 1438.529902
8.240000 	,	 1438.542153
8.250000 	,	 1438.554302
8.260000 	,	 1438.566349
8.270000 	,	 1438.578296
8.280000 	,	 1438.590144
8.290000 	,	 1438.601893
8.300000 	,	 1438.613544
8.310000 	,	 1438.625097
8.320000 	,	 1438.636555
8.330000 	,	 1438.647917
8.340000 	,	 1438.659184
8.350000 	,	 1438.670358
8.360000 	,	 1438.681438
8.370000 	,	 1438.692426
8.380000 	,	 1438.703323
8.390000 	,	 1438.714128
8.400000 	,	 1438.724844
8.410000 	,	 1438.735470
8.420000 	,	 1438.746008
8.430000 	,	 1438.756458
8.440000 	,	 1438.766821
8.450000 	,	 1438.777097
8.460000 	,	 1438.787288
8.470000 	,	 1438.797394
8.480000 	,	 1438.807416
8.490000 	,	 1438.817354
8.500000 	,	 1438.827209
8.510000 	,	 1438.836982
8.520000 	,	 1438.846674
8.530000 	,	 1438.856285
8.540000 	,	 1438.865816
8.550000 	,	 1438.875268
8.560000 	,	 1438.884641
8.570000 	,	 1438.893935
8.580000 	,	 1438.903152
8.590000 	,	 1438.912293
8.600000 	,	 1438.921357
8.610000 	,	 1438.930346
8.620000 	,	 1438.939260
8.630000 	,	 1438.948099
8.640000 	,	 1438.956865
8.650000 	,	 1438.965558
8.660000 	,	 1438.974178
8.670000 	,	 1438.982727
8.680000 	,	 1438.991204
8.690000 	,	 1438.999610
8.700000 	,	 1439.007947
8.710000 	,	 1439.016214
8.720000 	,	 1439.024412
8.730000 	,	 1439.032542
8.740000 	,	 1439.040604
8.750000 	,	 1439.048599
8.760000 	,	 1439.056528
8.770000 	,	 1439.064390
8.780000 	,	 1439.072187
8.790000 	,	 1439.079919
8.800000 	,	 1439.087586
8.810000 	,	 1439.095189
8.820000 	,	 1439.102729
8.830000 	,	 1439.110207
8.840000 	,	 1439.117622
8.850000 	,	 1439.124975
8.860000 	,	 1439.132267
8.870000 	,	 1439.139498
8.880000 	,	 1439.146669
8.890000 	,	 1439.153780
8.900000 	,	 1439.160832
8.910000 	,	 1439.167825
8.920000 	,	 1439.174759
8.930000 	,	 1439.181636
8.940000 	,	 1439.188456
8.950000 	,	 1439.195219
8.960000 	,	 1439.201925
8.970000 	,	 1439.208576
8.980000 	,	 1439.215171
8.990000 	,	 1439.221712
9.000000 	,	 1439.228197
9.010000 	,	 1439.234629
9.020000 	,	 1439.241007
9.030000 	,	 1439.247332
9.040000 	,	 1439.253604
9.050000 	,	 1439.259824
9.060000 	,	 1439.265992
9.070000 	,	 1439.272109
9.080000 	,	 1439.278175
9.090000 	,	 1439.284190
9.100000 	,	 1439.290155
9.110000 	,	 1439.296070
9.120000 	,	 1439.301937
9.130000 	,	 1439.307754
9.140000 	,	 1439.313522
9.150000 	,	 1439.319243
9.160000 	,	 1439.324916
9.170000 	,	 1439.330542
9.180000 	,	 1439.336121
9.190000 	,	 1439.341653
9.200000 	,	 1439.347139
9.210000 	,	 1439.352580
9.220000 	,	 1439.357975
9.230000 	,	 1439.363325
9.240000 	,	 1439.368631
9.250000 	,	 1439.373892
9.260000 	,	 1439.379110
9.270000 	,	 1439.384284
9.280000 	,	 1439.389415
9.290000 	,	 1439.394503
9.300000 	,	 1439.399549
9.310000 	,	 1439.404552
9.320000 	,	 1439.409515
9.330000 	,	 1439.414435
9.340000 	,	 1439.419315
9.350000 	,	 1439.424154
9.360000 	,	 1439.428953
9.370000 	,	 1439.433711
9.380000 	,	 1439.438431
9.390000 	,	 1439.443110
9.400000 	,	 1439.447751
9.410000 	,	 1439.452353
9.420000 	,	 1439.456917
9.430000 	,	 1439.461443
9.440000 	,	 1439.465930
9.450000 	,	 1439.470381
9.460000 	,	 1439.474795
9.470000 	,	 1439.479171
9.480000 	,	 1439.483512
9.490000 	,	 1439.487816
9.500000 	,	 1439.492084
9.510000 	,	 1439.496316
9.520000 	,	 1439.500514
9.530000 	,	 1439.504676
9.540000 	,	 1439.508804
9.550000 	,	 1439.512897
9.560000 	,	 1439.516956
9.570000 	,	 1439.520982
9.580000 	,	 1439.524974
9.590000 	,	 1439.528932
9.600000 	,	 1439.532858
9.610000 	,	 1439.536751
9.620000 	,	 1439.540611
9.630000 	,	 1439.544439
9.640000 	,	 1439.548236
9.650000 	,	 1439.552000
9.660000 	,	 1439.555734
9.670000 	,	 1439.559436
9.680000 	,	 1439.563107
9.690000 	,	 1439.566748
9.700000 	,	 1439.570358
9.710000 	,	 1439.573939
9.720000 	,	 1439.577489
9.730000 	,	 1439.581010
9.740000 	,	 1439.584502
9.750000 	,	 1439.587964
9.760000 	,	 1439.591398
9.770000 	,	 1439.594803
9.780000 	,	 1439.598179
9.790000 	,	 1439.601528
9.800000 	,	 1439.604849
9.810000 	,	 1439.608142
9.820000 	,	 1439.611407
9.830000 	,	 1439.614645
9.840000 	,	 1439.617857
9.850000 	,	 1439.621041
9.860000 	,	 1439.624199
9.870000 	,	 1439.627331
9.880000 	,	 1439.630436
9.890000 	,	 1439.633516
9.900000 	,	 1439.636570
9.910000 	,	 1439.639599
9.920000 	,	 1439.642602
9.930000 	,	 1439.645580
9.940000 	,	 1439.648534
9.950000 	,	 1439.651463
9.960000 	,	 1439.654367
9.970000 	,	 1439.657247
9.980000 	,	 1439.660104
9.990000 	,	 1439.662936
10.000000 	,	 1439.665745
0.010000 	,	 17.000000
0.020000 	,	 33.858333
0.030000 	,	 50.576181
0.040000 	,	 67.154712
0.050000 	,	 83.595090
0.060000 	,	 99.898464
0.070000 	,	 116.065977
0.080000 	,	 132.098760
0.090000 	,	 147.997937
0.100000 	,	 163.764621
0.110000 	,	 179.399916
0.120000 	,	 194.904917
0.130000 	,	 210.280709
0.140000 	,	 225.528370
0.150000 	,	 240.648967
0.160000 	,	 255.643559
0.170000 	,	 270.513196
0.180000 	,	 285.258919
0.190000 	,	 299.881761
0.200000 	,	 314.382747
0.210000 	,	 328.762891
0.220000 	,	 343.023200
0.230000 	,	 357.164673
0.240000 	,	 371.188301
0.250000 	,	 385.095065
0.260000 	,	 398.885939
0.270000 	,	 412.561890
0.280000 	,	 426.123874
0.290000 	,	 439.572842
0.300000 	,	 452.909735
0.310000 	,	 466.135487
0.320000 	,	 479.251025
0.330000 	,	 492.257266
0.340000 	,	 505.155122
0.350000 	,	 517.945496
0.360000 	,	 530.629284
0.370000 	,	 543.207373
0.380000 	,	 555.680645
0.390000 	,	 568.049973
0.400000 	,	 580.316223
0.410000 	,	 592.480255
0.420000 	,	 604.542919
0.430000 	,	 616.505062
0.440000 	,	 628.367519
0.450000 	,	 640.131123
0.460000 	,	 651.796697
0.470000 	,	 663.365058
0.480000 	,	 674.837016
0.490000 	,	 686.213374
0.500000 	,	 697.494929
0.510000 	,	 708.682472
0.520000 	,	 719.776784
0.530000 	,	 730.778645
0.540000 	,	 741.688823
0.550000 	,	 752.508082
0.560000 	,	 763.237182
0.570000 	,	 773.876872
0.580000 	,	 784.427898
0.590000 	,	 794.890999
0.600000 	,	 805.266907
0.610000 	,	 815.556350
0.620000 	,	 825.760047
0.630000 	,	 835.878713
0.640000 	,	 845.913057
0.650000 	,	 855.863781
0.660000 	,	 865.731583
0.670000 	,	 875.517153
0.680000 	,	 885.221177
0.690000 	,	 894.844334
0.700000 	,	 904.387298
0.710000 	,	 913.850737
0.720000 	,	 923.235314
0.730000 	,	 932.541687
0.740000 	,	 941.770506
0.750000 	,	 950.922418
0.760000 	,	 959.998065
0.770000 	,	 968.998081
0.780000 	,	 977.923097
0.790000 	,	 986.773738
0.800000 	,	 995.550623
0.810000 	,	 1004.254368
0.820000 	,	 1012.885582
0.830000 	,	 1021.444869
0.840000 	,	 1029.932828
0.850000 	,	 1038.350054
0.860000 	,	 1046.697137
0.870000 	,	 1054.974661
0.880000 	,	 1063.183206
0.890000 	,	 1071.323346
0.900000 	,	 1079.395651
0.910000 	,	 1087.400687
0.920000 	,	 1095.339015
0.930000 	,	 1103.211190
0.940000 	,	 1111.017763
0.950000 	,	 1118.759282
0.960000 	,	 1126.436288
0.970000 	,	 1134.049319
0.980000 	,	 1141.598908
0.990000 	,	 1149.085584
1.000000 	,	 1156.509870
1.010000 	,	 1163.872288
1.020000 	,	 1171.173352
1.030000 	,	 1178.413574
1.040000 	,	 1185.593461
1.050000 	,	 1192.713516
1.060000 	,	 1199.774237
1.070000 	,	 1206.776118
1.080000 	,	 1213.719650
1.090000 	,	 1220.605320
1.100000 	,	 1227.433609
1.110000 	,	 1234.204995
1.120000 	,	 1240.919954
1.130000 	,	 1247.578954
1.140000 	,	 1254.182463
1.150000 	,	 1260.730942
1.160000 	,	 1267.224851
1.170000 	,	 1273.664644
1.180000 	,	 1280.050772
1.190000 	,	 1286.383682
1.200000 	,	 1292.663818
1.210000 	,	 1298.891620
1.220000 	,	 1305.067523
1.230000 	,	 1311.191960
1.240000 	,	 1317.265361
1.250000 	,	 1323.288149
1.260000 	,	 1329.260748
1.270000 	,	 1335.183575
1.280000 	,	 1341.057045
1.290000 	,	 1346.881570
1.300000 	,	 1352.657557
1.310000 	,	 1358.385411
1.320000 	,	 1364.065532
1.330000 	,	 1369.698319
1.340000 	,	 1375.284167
1.350000 	,	 1380.823465
1.360000 	,	 1386.316603
1.370000 	,	 1391.763965
1.380000 	,	 1397.165932
1.390000 	,	 1402.522882
1.400000 	,	 1407.835192
1.410000 	,	 1413.103232
1.420000 	,	 1418.327371
1.430000 	,	 1423.507977
1.440000 	,	 1428.645410
1.450000 	,	 1433.740032
1.460000 	,	 1438.792198
1.470000 	,	 1443.802263
1.480000 	,	 1448.770578
1.490000 	,	 1453.697489
1.500000 	,	 1458.583344
1.510000 	,	 1463.428483
1.520000 	,	 1468.233245
1.530000 	,	 1472.997968
1.540000 	,	 1477.722985
1.550000 	,	 1482.408627
1.560000 	,	 1487.055222
1.570000 	,	 1491.663095
1.580000 	,	 1496.232569
1.590000 	,	 1500.763964
1.600000 	,	 1505.257598
1.610000 	,	 1509.713785
1.620000 	,	 1514.132836
1.630000 	,	 1518.515063
1.640000 	,	 1522.860771
1.650000 	,	 1527.170264
1.660000 	,	 1531.443845
1.670000 	,	 1535.681813
1.680000 	,	 1539.884465
1.690000 	,	 1544.052094
1.700000 	,	 1548.184993
1.710000 	,	 1552.283452
1.720000 	,	 1556.347756
1.730000 	,	 1560.378192
1.740000 	,	 1564.375040
1.750000 	,	 1568.338581
1.760000 	,	 1572.269093
1.770000 	,	 1576.166851
1.780000 	,	 1580.032127
1.790000 	,	 1583.865193
1.800000 	,	 1587.666316
1.810000 	,	 1591.435763
1.820000 	,	 1595.173799
1.830000 	,	 1598.880684
1.840000 	,	 1602.556678
1.850000 	,	 1606.202039
1.860000 	,	 1609.817022
1.870000 	,	 1613.401880
1.880000 	,	 1616.956865
1.890000 	,	 1620.482224
1.900000 	,	 1623.978206
1.910000 	,	 1627.445054
1.920000 	,	 1630.883012
1.930000 	,	 1634.292320
1.940000 	,	 1637.673217
1.950000 	,	 1641.025940
1.960000 	,	 1644.350724
1.970000 	,	 1647.647802
1.980000 	,	 1650.917403
1.990000 	,	 1654.159758
2.000000 	,	 1657.375094
2.010000 	,	 1660.563634
2.020000 	,	 1663.725604
2.030000 	,	 1666.861224
2.040000 	,	 1669.970714
2.050000 	,	 1673.054291
2.060000 	,	 1676.112172
2.070000 	,	 1679.144571
2.080000 	,	 1682.151699
2.090000 	,	 1685.133769
2.100000 	,	 1688.090987
2.110000 	,	 1691.023562
2.120000 	,	 1693.931699
2.130000 	,	 1696.815602
2.140000 	,	 1699.675472
2.150000 	,	 1702.511509
2.160000 	,	 1705.323914
2.170000 	,	 1708.112881
2.180000 	,	 1710.878607
2.190000 	,	 1713.621285
2.200000 	,	 1716.341108
2.210000 	,	 1719.038265
2.220000 	,	 1721.712946
2.230000 	,	 1724.365338
2.240000 	,	 1726.995627
2.250000 	,	 1729.603997
2.260000 	,	 1732.190630
2.270000 	,	 1734.755709
2.280000 	,	 1737.299411
2.290000 	,	 1739.821916
2.300000 	,	 1742.323400
2.310000 	,	 1744.804038
2.320000 	,	 1747.264005
2.330000 	,	 1749.703471
2.340000 	,	 1752.122609
2.350000 	,	 1754.521587
2.360000 	,	 1756.900574
2.370000 	,	 1759.259736
2.380000 	,	 1761.599238
2.390000 	,	 1763.919244
2.400000 	,	 1766.219917
2.410000 	,	 1768.501418
2.420000 	,	 1770.763906
2.430000 	,	 1773.007540
2.440000 	,	 1775.232478
2.450000 	,	 1777.438874
2.460000 	,	 1779.626883
2.470000 	,	 1781.796659
2.480000 	,	 1783.948353
2.490000 	,	 1786.082117
2.500000 	,	 1788.198100
2.510000 	,	 1790.296449
2.520000 	,	 1792.377312
2.530000 	,	 1794.440834
2.540000 	,	 1796.487160
2.550000 	,	 1798.516434
2.560000 	,	 1800.528797
2.570000 	,	 1802.524390
2.580000 	,	 1804.503354
2.590000 	,	 1806.465826
2.600000 	,	 1808.411944
2.610000 	,	 1810.341845
2.620000 	,	 1812.255662
2.630000 	,	 1814.153532
2.640000 	,	 1816.035586
2.650000 	,	 1817.901956
2.660000 	,	 1819.752773
2.670000 	,	 1821.588167
2.680000 	,	 1823.408265
2.690000 	,	 1825.213196
2.700000 	,	 1827.003086
2.710000 	,	 1828.778061
2.720000 	,	 1830.538243
2.730000 	,	 1832.283758
2.740000 	,	 1834.014727
2.750000 	,	 1835.731271
2.760000 	,	 1837.433510
2.770000 	,	 1839.121564
2.780000 	,	 1840.795551
2.790000 	,	 1842.455588
2.800000 	,	 1844.101792
2.810000 	,	 1845.734277
2.820000 	,	 1847.353158
2.830000 	,	 1848.958548
2.840000 	,	 1850.550560
2.850000 	,	 1852.129306
2.860000 	,	 1853.694895
2.870000 	,	 1855.247437
2.880000 	,	 1856.787042
2.890000 	,	 1858.313817
2.900000 	,	 1859.827868
2.910000 	,	 1861.329303
2.920000 	,	 1862.818225
2.930000 	,	 1864.294740
2.940000 	,	 1865.758950
2.950000 	,	 1867.210959
2.960000 	,	 1868.650868
2.970000 	,	 1870.078777
2.980000 	,	 1871.494787
2.990000 	,	 1872.898997
3.000000 	,	 1874.291506
3.010000 	,	 1875.672410
3.020000 	,	 1877.041806
3.030000 	,	 1878.399791
3.040000 	,	 1879.746460
3.050000 	,	 1881.081906
3.060000 	,	 1882.406223
3.070000 	,	 1883.719505
3.080000 	,	 1885.021842
3.090000 	,	 1886.313327
3.100000 	,	 1887.594049
3.110000 	,	 1888.864099
3.120000 	,	 1890.123565
3.130000 	,	 1891.372535
3.140000 	,	 1892.611097
3.150000 	,	 1893.839338
3.160000 	,	 1895.057344
3.170000 	,	 1896.265199
3.180000 	,	 1897.462989
3.190000 	,	 1898.650798
3.200000 	,	 1899.828708
3.210000 	,	 1900.996802
3.220000 	,	 1902.155162
3.230000 	,	 1903.303869
3.240000 	,	 1904.443003
3.250000 	,	 1905.572645
3.260000 	,	 1906.692873
3.270000 	,	 1907.803765
3.280000 	,	 1908.905401
3.290000 	,	 1909.997856
3.300000 	,	 1911.081207
3.310000 	,	 1912.155530
3.320000 	,	 1913.220901
3.330000 	,	 1914.277393
3.340000 	,	 1915.325082
3.350000 	,	 1916.364039
3.360000 	,	 1917.394339
3.370000 	,	 1918.416053
3.380000 	,	 1919.429252
3.390000 	,	 1920.434009
3.400000 	,	 1921.430392
3.410000 	,	 1922.418472
3.420000 	,	 1923.398318
3.430000 	,	 1924.369999
3.440000 	,	 1925.333582
3.450000 	,	 1926.289135
3.460000 	,	 1927.236726
3.470000 	,	 1928.176420
3.480000 	,	 1929.108283
3.490000 	,	 1930.032381
3.500000 	,	 1930.948778
3.510000 	,	 1931.857538
3.520000 	,	 1932.758725
3.530000 	,	 1933.652402
3.540000 	,	 1934.538632
3.550000 	,	 1935.417477
3.560000 	,	 1936.288998
3.570000 	,	 1937.153256
3.580000 	,	 1938.010313
3.590000 	,	 1938.860227
3.600000 	,	 1939.703058
3.610000 	,	 1940.538866
3.620000 	,	 1941.367709
3.630000 	,	 1942.189644
3.640000 	,	 1943.004731
3.650000 	,	 1943.813025
3.660000 	,	 1944.614583
3.670000 	,	 1945.409461
3.680000 	,	 1946.197716
3.690000 	,	 1946.979401
3.700000 	,	 1947.754573
3.710000 	,	 1948.523285
3.720000 	,	 1949.285591
3.730000 	,	 1950.041544
3.740000 	,	 1950.791198
3.750000 	,	 1951.534605
3.760000 	,	 1952.271816
3.770000 	,	 1953.002885
3.780000 	,	 1953.727861
3.790000 	,	 1954.446795
3.800000 	,	 1955.159738
3.810000 	,	 1955.866741
3.820000 	,	 1956.567851
3.830000 	,	 1957.263119
3.840000 	,	 1957.952593
3.850000 	,	 1958.636321
3.860000 	,	 1959.314352
3.870000 	,	 1959.986733
3.880000 	,	 1960.653510
3.890000 	,	 1961.314731
3.900000 	,	 1961.970441
3.910000 	,	 1962.620687
3.920000 	,	 1963.265515
3.930000 	,	 1963.904969
3.940000 	,	 1964.539094
3.950000 	,	 1965.167935
3.960000 	,	 1965.791536
3.970000 	,	 1966.409940
3.980000 	,	 1967.023190
3.990000 	,	 1967.631330
4.000000 	,	 1968.234402
4.010000 	,	 1968.832449
4.020000 	,	 1969.425512
4.030000 	,	 1970.013633
4.040000 	,	 1970.596852
4.050000 	,	 1971.175212
4.060000 	,	 1971.748752
4.070000 	,	 1972.317512
4.080000 	,	 1972.881533
4.090000 	,	 1973.440854
4.100000 	,	 1973.995513
4.110000 	,	 1974.545551
4.120000 	,	 1975.091004
4.130000 	,	 1975.631913
4.140000 	,	 1976.168313
4.150000 	,	 1976.700244
4.160000 	,	 1977.227742
4.170000 	,	 1977.750844
4.180000 	,	 1978.269587
4.190000 	,	 1978.784007
4.200000 	,	 1979.294141
4.210000 	,	 1979.800023
4.220000 	,	 1980.301689
4.230000 	,	 1980.799175
4.240000 	,	 1981.292515
4.250000 	,	 1981.781744
4.260000 	,	 1982.266896
4.270000 	,	 1982.748006
4.280000 	,	 1983.225106
4.290000 	,	 1983.698230
4.300000 	,	 1984.167411
4.310000 	,	 1984.632683
4.320000 	,	 1985.094077
4.330000 	,	 1985.551626
4.340000 	,	 1986.005363
4.350000 	,	 1986.455318
4.360000 	,	 1986.901524
4.370000 	,	 1987.344011
4.380000 	,	 1987.782811
4.390000 	,	 1988.217954
4.400000 	,	 1988.649471
4.410000 	,	 1989.077392
4.420000 	,	 1989.501747
4.430000 	,	 1989.922566
4.440000 	,	 1990.339878
4.450000 	,	 1990.753713
4.460000 	,	 1991.164098
4.470000 	,	 1991.571064
4.480000 	,	 1991.974639
4.490000 	,	 1992.374850
4.500000 	,	 1992.771726
4.510000 	,	 1993.165295
4.520000 	,	 1993.555584
4.530000 	,	 1993.942621
4.540000 	,	 1994.326433
4.550000 	,	 1994.707046
4.560000 	,	 1995.084487
4.570000 	,	 1995.458783
4.580000 	,	 1995.829960
4.590000 	,	 1996.198043
4.600000 	,	 1996.563060
4.610000 	,	 1996.925034
4.620000 	,	 1997.283992
4.630000 	,	 1997.639959
4.640000 	,	 1997.992959
4.650000 	,	 1998.343018
4.660000 	,	 1998.690159
4.670000 	,	 1999.034408
4.680000 	,	 1999.375788
4.690000 	,	 1999.714323
4.700000 	,	 2000.050037
4.710000 	,	 2000.382954
4.720000 	,	 2000.713096
4.730000 	,	 2001.040486
4.740000 	,	 2001.365149
4.750000 	,	 2001.687106
4.760000 	,	 2002.006380
4.770000 	,	 2002.322994
4.780000 	,	 2002.636969
4.790000 	,	 2002.948327
4.800000 	,	 2003.257091
4.810000 	,	 2003.563282
4.820000 	,	 2003.866922
4.830000 	,	 2004.168031
4.840000 	,	 2004.466630
4.850000 	,	 2004.762742
4.860000 	,	 2005.056386
4.870000 	,	 2005.347582
4.880000 	,	 2005.636352
4.890000 	,	 2005.922716
4.900000 	,	 2006.206694
4.910000 	,	 2006.488304
4.920000 	,	 2006.767569
4.930000 	,	 2007.044506
4.940000 	,	 2007.319135
4.950000 	,	 2007.591475
4.960000 	,	 2007.861546
4.970000 	,	 2008.129367
4.980000 	,	 2008.394955
4.990000 	,	 2008.658331
5.000000 	,	 2008.919511
5.010000 	,	 2009.178515
5.020000 	,	 2009.435361
5.030000 	,	 2009.690066
5.040000 	,	 2009.942649
5.050000 	,	 2010.193127
5.060000 	,	 2010.441518
5.070000 	,	 2010.687838
5.080000 	,	 2010.932106
5.090000 	,	 2011.174339
5.100000 	,	 2011.414553
5.110000 	,	 2011.652765
5.120000 	,	 2011.888992
5.130000 	,	 2012.123250
5.140000 	,	 2012.355556
5.150000 	,	 2012.585927
5.160000 	,	 2012.814377
5.170000 	,	 2013.040924
5.180000 	,	 2013.265583
5.190000 	,	 2013.488370
5.200000 	,	 2013.709300
5.210000 	,	 2013.928389
5.220000 	,	 2014.145653
5.230000 	,	 2014.361106
5.240000 	,	 2014.574763
5.250000 	,	 2014.786640
5.260000 	,	 2014.996751
5.270000 	,	 2015.205112
5.280000 	,	 2015.411736
5.290000 	,	 2015.616638
5.300000 	,	 2015.819833
5.310000 	,	 2016.021334
5.320000 	,	 2016.221156
5.330000 	,	 2016.419313
5.340000 	,	 2016.615819
5.350000 	,	 2016.810687
5.360000 	,	 2017.003932
5.370000 	,	 2017.195565
5.380000 	,	 2017.385602
5.390000 	,	 2017.574056
5.400000 	,	 2017.760939
5.410000 	,	 2017.946264
5.420000 	,	 2018.130045
5.430000 	,	 2018.312295
5.440000 	,	 2018.493026
5.450000 	,	 2018.672251
5.460000 	,	 2018.849982
5.470000 	,	 2019.026232
5.480000 	,	 2019.201013
5.490000 	,	 2019.374338
5.500000 	,	 2019.546219
5.510000 	,	 2019.716667
5.520000 	,	 2019.885695
5.530000 	,	 2020.053314
5.540000 	,	 2020.219536
5.550000 	,	 2020.384373
5.560000 	,	 2020.547837
5.570000 	,	 2020.709938
5.580000 	,	 2020.870689
5.590000 	,	 2021.030100
5.600000 	,	 2021.188182
5.610000 	,	 2021.344947
5.620000 	,	 2021.500406
5.630000 	,	 2021.654570
5.640000 	,	 2021.807448
5.650000 	,	 2021.959053
5.660000 	,	 2022.109394
5.670000 	,	 2022.258482
5.680000 	,	 2022.406328
5.690000 	,	 2022.552942
5.700000 	,	 2022.698334
5.710000 	,	 2022.842515
5.720000 	,	 2022.985494
5.730000 	,	 2023.127282
5.740000 	,	 2023.267888
5.750000 	,	 2023.407322
5.760000 	,	 2023.545594
5.770000 	,	 2023.682714
5.780000 	,	 2023.818692
5.790000 	,	 2023.953536
5.800000 	,	 2024.087256
5.810000 	,	 2024.219863
5.820000 	,	 2024.351364
5.830000 	,	 2024.481769
5.840000 	,	 2024.611088
5.850000 	,	 2024.739328
5.860000 	,	 2024.866501
5.870000 	,	 2024.992613
5.880000 	,	 2025.117675
5.890000 	,	 2025.241694
5.900000 	,	 2025.364680
5.910000 	,	 2025.486641
5.920000 	,	 2025.607586
5.930000 	,	 2025.727523
5.940000 	,	 2025.846460
5.950000 	,	 2025.964406
5.960000 	,	 2026.081369
5.970000 	,	 2026.197358
5.980000 	,	 2026.312380
5.990000 	,	 2026.426443
6.000000 	,	 2026.539556
6.010000 	,	 2026.651727
6.020000 	,	 2026.762962
6.030000 	,	 2026.873271
6.040000 	,	 2026.982660
6.050000 	,	 2027.091138
6.060000 	,	 2027.198712
6.070000 	,	 2027.305389
6.080000 	,	 2027.411178
6.090000 	,	 2027.516085
6.100000 	,	 2027.620117
6.110000 	,	 2027.723283
6.120000 	,	 2027.825589
6.130000 	,	 2027.927042
6.140000 	,	 2028.027650
6.150000 	,	 2028.127420
6.160000 	,	 2028.226358
6.170000 	,	 2028.324472
6.180000 	,	 2028.421768
6.190000 	,	 2028.518253
6.200000 	,	 2028.613934
6.210000 	,	 2028.708818
6.220000 	,	 2028.802911
6.230000 	,	 2028.896221
6.240000 	,	 2028.988752
6.250000 	,	 2029.080512
6.260000 	,	 2029.171508
6.270000 	,	 2029.261746
6.280000 	,	 2029.351231
6.290000 	,	 2029.439971
6.300000 	,	 2029.527971
6.310000 	,	 2029.615238
6.320000 	,	 2029.701778
6.330000 	,	 2029.787596
6.340000 	,	 2029.872700
6.350000 	,	 2029.957094
6.360000 	,	 2030.040785
6.370000 	,	 2030.123778
6.380000 	,	 2030.206080
6.390000 	,	 2030.287696
6.400000 	,	 2030.368632
6.410000 	,	 2030.448893
6.420000 	,	 2030.528486
6.430000 	,	 2030.607415
6.440000 	,	 2030.685687
6.450000 	,	 2030.763306
6.460000 	,	 2030.840278
6.470000 	,	 2030.916609
6.480000 	,	 2030.992304
6.490000 	,	 2031.067368
6.500000 	,	 2031.141807
6.510000 	,	 2031.215625
6.520000 	,	 2031.288828
6.530000 	,	 2031.361421
6.540000 	,	 2031.433410
6.550000 	,	 2031.504798
6.560000 	,	 2031.575591
6.570000 	,	 2031.645795
6.580000 	,	 2031.715413
6.590000 	,	 2031.784451
6.600000 	,	 2031.852914
6.610000 	,	 2031.920806
6.620000 	,	 2031.988133
6.630000 	,	 2032.054899
6.640000 	,	 2032.121108
6.650000 	,	 2032.186765
6.660000 	,	 2032.251876
6.670000 	,	 2032.316443
6.680000 	,	 2032.380473
6.690000 	,	 2032.443969
6.700000 	,	 2032.506936
6.710000 	,	 2032.569378
6.720000 	,	 2032.631300
6.730000 	,	 2032.692706
6.740000 	,	 2032.753600
6.750000 	,	 2032.813987
6.760000 	,	 2032.873870
6.770000 	,	 2032.933254
6.780000 	,	 2032.992144
6.790000 	,	 2033.050543
6.800000 	,	 2033.108455
6.810000 	,	 2033.165884
6.820000 	,	 2033.222835
6.830000 	,	 2033.279312
6.840000 	,	 2033.335318
6.850000 	,	 2033.390857
6.860000 	,	 2033.445933
6.870000 	,	 2033.500550
6.880000 	,	 2033.554712
6.890000 	,	 2033.608423
6.900000 	,	 2033.661686
6.910000 	,	 2033.714505
6.920000 	,	 2033.766884
6.930000 	,	 2033.818827
6.940000 	,	 2033.870337
6.950000 	,	 2033.921417
6.960000 	,	 2033.972072
6.970000 	,	 2034.022305
6.980000 	,	 2034.072119
6.990000 	,	 2034.121518
7.000000 	,	 2034.170505
7.010000 	,	 2034.219084
7.020000 	,	 2034.267259
7.030000 	,	 2034.315032
7.040000 	,	 2034.362406
7.050000 	,	 2034.409386
7.060000 	,	 2034.455975
7.070000 	,	 2034.502175
7.080000 	,	 2034.547990
7.090000 	,	 2034.593424
7.100000 	,	 2034.638478
7.110000 	,	 2034.683158
7.120000 	,	 2034.727465
7.130000 	,	 2034.771403
7.140000 	,	 2034.814974
7.150000 	,	 2034.858183
7.160000 	,	 2034.901031
7.170000 	,	 2034.943523
7.180000 	,	 2034.985660
7.190000 	,	 2035.027446
7.200000 	,	 2035.068884
7.210000 	,	 2035.109977
7.220000 	,	 2035.150727
7.230000 	,	 2035.191137
7.240000 	,	 2035.231211
7.250000 	,	 2035.270951
7.260000 	,	 2035.310360
7.270000 	,	 2035.349440
7.280000 	,	 2035.388195
7.290000 	,	 2035.426627
7.300000 	,	 2035.464738
7.310000 	,	 2035.502532
7.320000 	,	 2035.540011
7.330000 	,	 2035.577177
7.340000 	,	 2035.614034
7.350000 	,	 2035.650584
7.360000 	,	 2035.686829
7.370000 	,	 2035.722772
7.380000 	,	 2035.758416
7.390000 	,	 2035.793762
7.400000 	,	 2035.828814
7.410000 	,	 2035.863574
7.420000 	,	 2035.898044
7.430000 	,	 2035.932227
7.440000 	,	 2035.966125
7.450000 	,	 2035.999741
7.460000 	,	 2036.033077
7.470000 	,	 2036.066134
7.480000 	,	 2036.098917
7.490000 	,	 2036.131426
7.500000 	,	 2036.163664
7.510000 	,	 2036.195633
7.520000 	,	 2036.227336
7.530000 	,	 2036.258775
7.540000 	,	 2036.289952
7.550000 	,	 2036.320869
7.560000 	,	 2036.351528
7.570000 	,	 2036.381932
7.580000 	,	 2036.412083
7.590000 	,	 2036.441982
7.600000 	,	 2036.471632
7.610000 	,	 2036.501035
7.620000 	,	 2036.530193
7.630000 	,	 2036.559109
7.640000 	,	 2036.587783
7.650000 	,	 2036.616218
7.660000 	,	 2036.644416
7.670000 	,	 2036.672379
7.680000 	,	 2036.700109
7.690000 	,	 2036.727608
7.700000 	,	 2036.754878
7.710000 	,	 2036.781921
7.720000 	,	 2036.808738
7.730000 	,	 2036.835332
7.740000 	,	 2036.861704
7.750000 	,	 2036.887857
7.760000 	,	 2036.913791
7.770000 	,	 2036.939510
7.780000 	,	 2036.965014
7.790000 	,	 2036.990305
7.800000 	,	 2037.015386
7.810000 	,	 2037.040258
7.820000 	,	 2037.064923
7.830000 	,	 2037.089382
7.840000 	,	 2037.113637
7.850000 	,	 2037.137690
7.860000 	,	 2037.161542
7.870000 	,	 2037.185196
7.880000 	,	 2037.208653
7.890000 	,	 2037.231914
7.900000 	,	 2037.254981
7.910000 	,	 2037.277857
7.920000 	,	 2037.300541
7.930000 	,	 2037.323037
7.940000 	,	 2037.345345
7.950000 	,	 2037.367467
7.960000 	,	 2037.389405
7.970000 	,	 2037.411159
7.980000 	,	 2037.432733
7.990000 	,	 2037.454127
8.000000 	,	 2037.475343
8.010000 	,	 2037.496381
8.020000 	,	 2037.517245
8.030000 	,	 2037.537935
8.040000 	,	 2037.558452
8.050000 	,	 2037.578798
8.060000 	,	 2037.598975
8.070000 	,	 2037.618983
8.080000 	,	 2037.638825
8.090000 	,	 2037.658502
8.100000 	,	 2037.678014
8.110000 	,	 2037.697364
8.120000 	,	 2037.716553
8.130000 	,	 2037.735581
8.140000 	,	 2037.754451
8.150000 	,	 2037.773164
8.160000 	,	 2037.791721
8.170000 	,	 2037.810124
8.180000 	,	 2037.828373
8.190000 	,	 2037.846469
8.200000 	,	 2037.864416
8.210000 	,	 2037.882212
8.220000 	,	 2037.899860
8.230000 	,	 2037.917361
8.240000 	,	 2037.934717
8.250000 	,	 2037.951927
8.260000 	,	 2037.968995
8.270000 	,	 2037.985920
8.280000 	,	 2038.002704
8.290000 	,	 2038.019348
8.300000 	,	 2038.035853
8.310000 	,	 2038.052221
8.320000 	,	 2038.068453
8.330000 	,	 2038.084549
8.340000 	,	 2038.100511
8.350000 	,	 2038.116340
8.360000 	,	 2038.132037
8.370000 	,	 2038.147604
8.380000 	,	 2038.163040
8.390000 	,	 2038.178348
8.400000 	,	 2038.193529
8.410000 	,	 2038.208583
8.420000 	,	 2038.223511
8.430000 	,	 2038.238315
8.440000 	,	 2038.252996
8.450000 	,	 2038.267554
8.460000 	,	 2038.281991
8.470000 	,	 2038.296308
8.480000 	,	 2038.310506
8.490000 	,	 2038.324585
8.500000 	,	 2038.338546
8.510000 	,	 2038.352392
8.520000 	,	 2038.366122
8.530000 	,	 2038.379738
8.540000 	,	 2038.393240
8.550000 	,	 2038.406629
8.560000 	,	 2038.419908
8.570000 	,	 2038.433075
8.580000 	,	 2038.446133
8.590000 	,	 2038.459082
8.600000 	,	 2038.471923
8.610000 	,	 2038.484657
8.620000 	,	 2038.497284
8.630000 	,	 2038.509807
8.640000 	,	 2038.522225
8.650000 	,	 2038.534540
8.660000 	,	 2038.546752
8.670000 	,	 2038.558863
8.680000 	,	 2038.570872
8.690000 	,	 2038.582782
8.700000 	,	 2038.594592
8.710000 	,	 2038.606303
8.720000 	,	 2038.617918
8.730000 	,	 2038.629435
8.740000 	,	 2038.640856
8.750000 	,	 2038.652182
8.760000 	,	 2038.663414
8.770000 	,	 2038.674553
8.780000 	,	 2038.685598
8.790000 	,	 2038.696551
8.800000 	,	 2038.707413
8.810000 	,	 2038.718185
8.820000 	,	 2038.728867
8.830000 	,	 2038.739459
8.840000 	,	 2038.749964
8.850000 	,	 2038.760381
8.860000 	,	 2038.770711
8.870000 	,	 2038.780955
8.880000 	,	 2038.791114
8.890000 	,	 2038.801188
8.900000 	,	 2038.811178
8.910000 	,	 2038.821085
8.920000 	,	 2038.830909
8.930000 	,	 2038.840652
8.940000 	,	 2038.850313
8.950000 	,	 2038.859894
8.960000 	,	 2038.869394
8.970000 	,	 2038.878816
8.980000 	,	 2038.888159
8.990000 	,	 2038.897425
9.000000 	,	 2038.906613
9.010000 	,	 2038.915724
9.020000 	,	 2038.924760
9.030000 	,	 2038.933720
9.040000 	,	 2038.942606
9.050000 	,	 2038.951418
9.060000 	,	 2038.960156
9.070000 	,	 2038.968821
9.080000 	,	 2038.977414
9.090000 	,	 2038.985936
9.100000 	,	 2038.994386
9.110000 	,	 2039.002767
9.120000 	,	 2039.011077
9.130000 	,	 2039.019318
9.140000 	,	 2039.027490
9.150000 	,	 2039.035594
9.160000 	,	 2039.043631
9.170000 	,	 2039.051601
9.180000 	,	 2039.059504
9.190000 	,	 2039.067342
9.200000 	,	 2039.075114
9.210000 	,	 2039.082821
9.220000 	,	 2039.090464
9.230000 	,	 2039.098044
9.240000 	,	 2039.105560
9.250000 	,	 2039.113014
9.260000 	,	 2039.120405
9.270000 	,	 2039.127735
9.280000 	,	 2039.135004
9.290000 	,	 2039.142212
9.300000 	,	 2039.149361
9.310000 	,	 2039.156449
9.320000 	,	 2039.163479
9.330000 	,	 2039.170450
9.340000 	,	 2039.177363
9.350000 	,	 2039.184218
9.360000 	,	 2039.191016
9.370000 	,	 2039.197758
9.380000 	,	 2039.204443
9.390000 	,	 2039.211073
9.400000 	,	 2039.217647
9.410000 	,	 2039.224167
9.420000 	,	 2039.230632
9.430000 	,	 2039.237044
9.440000 	,	 2039.243402
9.450000 	,	 2039.249707
9.460000 	,	 2039.255959
9.470000 	,	 2039.262159
9.480000 	,	 2039.268308
9.490000 	,	 2039.274405
9.500000 	,	 2039.280452
9.510000 	,	 2039.286448
9.520000 	,	 2039.292395
9.530000 	,	 2039.298291
9.540000 	,	 2039.304139
9.550000 	,	 2039.309938
9.560000 	,	 2039.315688
9.570000 	,	 2039.321391
9.580000 	,	 2039.327046
9.590000 	,	 2039.332654
9.600000 	,	 2039.338215
9.610000 	,	 2039.343730
9.620000 	,	 2039.349199
9.630000 	,	 2039.354622
9.640000 	,	 2039.360000
9.650000 	,	 2039.365334
9.660000 	,	 2039.370623
9.670000 	,	 2039.375867
9.680000 	,	 2039.381068
9.690000 	,	 2039.386226
9.700000 	,	 2039.391341
9.710000 	,	 2039.396413
9.720000 	,	 2039.401443
9.730000 	,	 2039.406431
9.740000 	,	 2039.411377
9.750000 	,	 2039.416283
9.760000 	,	 2039.421147
9.770000 	,	 2039.425971
9.780000 	,	 2039.430754
9.790000 	,	 2039.435498
9.800000 	,	 2039.440202
9.810000 	,	 2039.444867
9.820000 	,	 2039.449493
9.830000 	,	 2039.454081
9.840000 	,	 2039.458630
9.850000 	,	 2039.463142
9.860000 	,	 2039.467615
9.870000 	,	 2039.472052
9.880000 	,	 2039.476451
9.890000 	,	 2039.480814
9.900000 	,	 2039.485141
9.910000 	,	 2039.489431
9.920000 	,	 2039.493686
9.930000 	,	 2039.497905
9.940000 	,	 2039.502090
9.950000 	,	 2039.506239
9.960000 	,	 2039.510354
9.970000 	,	 2039.514434
9.980000 	,	 2039.518480
9.990000 	,	 2039.522493
10.000000 	,	 2039.526472
