0.286942
0.429939
0.571984
0.712592
0.851271
0.987513
1.120802
1.250603
1.376370
1.497542
1.613549
1.723814
1.827758
1.924803
2.014385
2.095958
2.169001
2.233030
2.287607
2.332345
2.366921
2.391079
2.404638
2.407495
2.399629
2.381099
2.352044
2.312683
2.263302
2.204256
2.135957
2.058865
1.973482
1.880343
1.780002
1.673033
1.560012
1.441519
1.318129
1.190408
1.058910
0.924175
0.786730
0.647088
0.505747
0.363198
0.219920
0.076390
-0.066919
-0.209530
-0.350965
-0.490733
-0.628337
-0.763264
-0.894990
-1.022975
-1.146664
-1.265494
-1.378890
-1.486273
-1.587063
-1.680690
-1.766596
-1.844245
-1.913133
-1.972796
-2.022819
-2.062844
-2.092579
-2.111801
-2.120366
-2.118209
-2.105347
-2.081876
-2.047973
-2.003889
-1.949943
-1.886518
-1.814050
-1.733018
-1.643942
-1.547367
-1.443857
-1.333987
-1.218337
-1.097484
-0.972000
-0.842446
-0.709368
-0.573303
-0.434768
-0.294270
-0.152304
-0.009355
0.134100
0.277585
0.420628
0.562749
0.703466
0.842286
0.978703
1.112201
1.242246
1.368293
1.489783
1.606145
1.716802
1.821176
1.918689
2.008776
2.090887
2.164502
2.229134
2.284340
2.329731
2.364979
2.389824
2.404079
2.407636
2.400469
2.382631
2.354258
2.315562
2.266825
2.208398
2.140689
2.064156
1.979299
1.886649
1.786762
1.680207
1.567563
1.449410
1.326323
1.198867
1.067599
0.933059
0.795776
0.656261
0.515017
0.372531
0.229287
0.085758
-0.057579
-0.200251
-0.341777
-0.481669
-0.619430
-0.754548
-0.886499
-1.014744
-1.138732
-1.257896
-1.371664
-1.479457
-1.580696
-1.674808
-1.761234
-1.839437
-1.908912
-1.969191
-2.019855
-2.060542
-2.090956
-2.110870
-2.120134
-2.118677
-2.106512
-2.083729
-2.050500
-2.007072
-1.953759
-1.890940
-1.819047
-1.738560
-1.649993
-1.553890
-1.450815
-1.341342
-1.226052
-1.105521
-0.980322
-0.851017
-0.718153
-0.582266
-0.443877
-0.303492
-0.161608
-0.018708
0.124728
0.268227
0.411312
0.553509
0.694332
0.833291
0.969881
1.103585
1.233872
1.360197
1.482002
1.598716
1.709764
1.814565
1.912544
2.003132
2.085780
2.159965
2.225198
2.281032
2.327074
2.362993
2.388523
2.403474
2.407731
2.401263
2.384119
2.356428
2.318398
2.270307
2.212500
2.145384
2.069412
1.985083
1.892925
1.793492
1.687355
1.575091
1.457280
1.334497
1.207310
1.076274
0.941932
0.804812
0.665428
0.524281
0.381862
0.238652
0.095128
-0.048237
-0.190967
-0.332582
-0.472596
-0.610511
-0.745817
-0.877992
-1.006496
-1.130778
-1.250275
-1.364413
-1.472614
-1.574298
-1.668892
-1.755837
-1.834593
-1.904652
-1.965545
-2.016848
-2.058197
-2.089289
-2.109894
-2.119856
-2.119100
-2.107631
-2.085537
-2.052984
-2.010212
-1.957534
-1.895323
-1.824008
-1.744066
-1.656010
-1.560383
-1.457745
-1.348673
-1.233744
-1.113538
-0.988627
-0.859573
-0.726925
-0.591219
-0.452978
-0.312708
-0.170907



0.278740
0.418043
0.557737
0.698306
0.840219
0.983928
1.129862
1.278416
1.429951
1.584781
1.743172
1.905332
2.071411
2.241491
2.415587
2.593640
2.775521
2.961025
3.149881
3.341746
3.536219
3.732844
3.931118
4.130505
4.330444
4.530361
4.729683
4.927851
5.124330
5.318621
5.510272
5.698885
5.884124
6.065721
6.243479
6.417272
6.587048
6.752827
6.914696
7.072809
7.227379
7.378677
7.527020
7.672772
7.816330
7.958125
8.098610
8.238259
8.377552
8.516977
8.657021
8.798160
8.940857
9.085555
9.232666
9.382572
9.535610
9.692074
9.852204
10.016181
10.184124
10.356083
10.532040
10.711903
10.895507
11.082616
11.272924
11.466062
11.661600
11.859061
12.057924
12.257640
12.457640
12.657349
12.856201
13.053644
13.249160
13.442270
13.632547
13.819621
14.003187
14.183010
14.358926
14.530844
14.698745
14.862682
15.022772
15.179200
15.332204
15.482078
15.629163
15.773837
15.916516
16.057642
16.197676
16.337098
16.476392
16.616047
16.756544
16.898355
17.041933
17.187709
17.336082
17.487412
17.642018
17.800169
17.962078
18.127897
18.297715
18.471550
18.649348
18.830984
19.016260
19.204906
19.396587
19.590903
19.787402
19.985585
20.184916
20.384836
20.584772
20.784150
20.982410
21.179015
21.373464
21.565299
21.754122
21.939590
22.121432
22.299445
22.473499
22.643538
22.809575
22.971695
23.130048
23.284842
23.436344
23.584870
23.730778
23.874467
24.016363
24.156920
24.296608
24.435910
24.575312
24.715300
24.856354
24.998936
25.143490
25.290432
25.440144
25.592968
25.749201
25.909085
26.072807
26.240488
26.412185
26.587883
26.767495
26.950861
27.137750
27.327860
27.520825
27.716221
27.913572
28.112360
28.312037
28.512036
28.711782
28.910707
29.108258
29.303915
29.497196
29.687670
29.874963
30.058766
30.238839
30.415014
30.587194
30.755356
30.919549
31.079886
31.236545
31.389765
31.539834
31.687089
31.831909
31.974705
32.115918
32.256009
32.395456
32.534744
32.674360
32.814787
32.956498
33.099948
33.245568
33.393759
33.544886
33.699270
33.857182
34.018840
34.184401
34.353957
34.527530
34.705072
34.886463
35.071509
35.259945
35.451438
35.645596
35.841967
36.040056
36.239329
36.439228
36.639181
36.838613
37.036963
37.233691
37.428295
37.620314
37.809344
37.995041
38.177126
38.355394
38.529709
38.700010
38.866307
39.028679
39.187272
39.342291
39.493999
39.642708
39.788776
39.932596
40.074596
40.215227
40.354957
40.494269
40.633649
40.773585
40.914554
41.057023
41.201435
41.348209
41.497729
41.650341
41.806343
41.965982
42.129449
42.296869
42.468304
42.643743
42.823103
43.006231
43.192898
43.382808
43.575599
43.770851
43.968089
44.166800
44.366436
44.566431
44.766212
44.965207
45.162864
45.358660
45.552110
45.742779
45.930290
46.114329
46.294651
46.471084
46.643527
46.811951
46.976399
47.136983
47.293876
47.447312
47.597577
47.745005
47.889971
48.032886
48.174188
