0.286942
0.430414
0.573885
0.717356
0.860827
1.004299
1.147770
1.291241
1.434712
1.578183
1.721655
1.865126
2.008597
2.152068
2.295539
2.439011
2.582482
2.725953
2.869424
3.012896
3.156367
3.299838
3.443309
3.586780
3.730252
3.873723
4.017194
4.160665
4.304137
4.447608
4.591079
4.734550
4.878021
5.021493
5.164964
5.308435
5.451906
5.595378
5.738849
5.882320
6.025791
6.169262
6.312734
6.456205
6.599676
6.743147
6.886618
7.030090
7.173561
7.317032
7.460503
7.603975
7.747446
7.890917
8.034388
8.177859
8.321331
8.464802
8.608273
8.751744
8.895216
9.038687
9.182158
9.325629
9.469100
9.612572
9.756043
9.899514
10.042985
10.186456
10.329928
10.473399
10.616870
10.760341
10.903813
11.047284
11.190755
11.334226
11.477697
11.621169
11.764640
11.908111
12.051582
12.195054
12.338525
12.481996
12.625467
12.768938
12.912410
13.055881
13.199352
13.342823
13.486295
13.629766
13.773237
13.916708
14.060179
14.203651
14.347122
14.490593
14.634064
14.777535
14.921007
15.064478
15.207949
15.351420
15.494892
15.638363
15.781834
15.925305
16.068776
16.212248
16.355719
16.499190
16.642661
16.786133
16.929604
17.073075
17.216546
17.360017
17.503489
17.646960
17.790431
17.933902
18.077373
18.220845
18.364316
18.507787
18.651258
18.794730
18.938201
19.081672
19.225143
19.368614
19.512086
19.655557
19.799028
19.942499
20.085971
20.229442
20.372913
20.516384
20.659855
20.803327
20.946798
21.090269
21.233740
21.377212
21.520683
21.664154
21.807625
21.951096
22.094568
22.238039
22.381510
22.524981
22.668452
22.811924
22.955395
23.098866
23.242337
23.385809
23.529280
23.672751
23.816222
23.959693
24.103165
24.246636
24.390107
24.533578
24.677050
24.820521
24.963992
25.107463
25.250934
25.394406
25.537877
25.681348
25.824819
25.968290
26.111762
26.255233
26.398704
26.542175
26.685647
26.829118
26.972589
27.116060
27.259531
27.403003
27.546474
27.689945
27.833416
27.976888
28.120359
28.263830
28.407301
28.550772
28.694244
28.837715
28.981186
29.124657
29.268129
29.411600
29.555071
29.698542
29.842013
29.985485
30.128956
30.272427
30.415898
30.559369
30.702841
30.846312
30.989783
31.133254
31.276726
31.420197
31.563668
31.707139
31.850610
31.994082
32.137553
32.281024
32.424495
32.567967
32.711438
32.854909
32.998380
33.141851
33.285323
33.428794
33.572265
33.715736
33.859207
34.002679
34.146150
34.289621
34.433092
34.576564
34.720035
34.863506
35.006977
35.150448
35.293920
35.437391
35.580862
35.724333
35.867805
36.011276
36.154747
36.298218
36.441689
36.585161
36.728632
36.872103
37.015574
37.159046
37.302517
37.445988
37.589459
37.732930
37.876402
38.019873
38.163344
38.306815
38.450286
38.593758
38.737229
38.880700
39.024171
39.167643
39.311114
39.454585
39.598056
39.741527
39.884999
40.028470
40.171941
40.315412
40.458884
40.602355
40.745826
40.889297
41.032768
41.176240
41.319711
41.463182
41.606653
41.750124
41.893596
42.037067
42.180538
42.324009
42.467481
42.610952
42.754423
42.897894
43.041365
43.184837
43.328308
43.471779
43.615250
43.758722
43.902193
44.045664
44.189135
44.332606
44.476078
44.619549
44.763020
44.906491
45.049963
45.193434
45.336905
45.480376
45.623847
45.767319
45.910790
46.054261
46.197732
46.341203
46.484675
46.628146
46.771617
46.915088
47.058560
47.202031
47.345502
47.488973
47.632444
47.775916
47.919387
48.062858
48.206329
48.349801
48.493272
48.636743
48.780214
48.923685
49.067157
49.210628
49.354099
49.497570
49.641041
49.784513
49.927984
50.071455
50.214926
50.358398
50.501869
50.645340
50.788811
50.932282
51.075754
51.219225
51.362696
51.506167
51.649639
51.793110
51.936581
52.080052
52.223523
52.366995
52.510466
52.653937
52.797408
52.940880
53.084351
53.227822
53.371293
53.514764
53.658236
53.801707
53.945178
54.088649
54.232120
54.375592
54.519063
54.662534
54.806005
54.949477
55.092948
55.236419
55.379890
55.523361
55.666833
55.810304
55.953775
56.097246
56.240718
56.384189
56.527660
56.671131
56.814602
56.958074
57.101545
57.245016
57.388487
57.531958
57.675430
57.818901
57.962372
58.105843
58.249315
58.392786
58.536257
58.679728
58.823199
58.966671
59.110142
59.253613
59.397084
59.540556
59.684027
59.827498
59.970969
60.114440
60.257912
60.401383
60.544854
60.688325
60.831797
60.975268
61.118739
61.262210
61.405681
61.549153
61.692624
61.836095
61.979566
62.123037
62.266509
62.409980
62.553451
62.696922
62.840394
62.983865
63.127336
63.270807
63.414278
63.557750
63.701221
63.844692
63.988163
64.131635
64.275106
64.418577
64.562048
64.705519
64.848991
64.992462
65.135933
65.279404
65.422875
65.566347
65.709818
65.853289
65.996760
66.140232
66.283703
66.427174
66.570645
66.714116
66.857588
67.001059
67.144530
67.288001
67.431473
67.574944
67.718415
67.861886
68.005357
68.148829
68.292300
68.435771
68.579242
68.722714
68.866185
69.009656
69.153127
69.296598
69.440070
69.583541
69.727012
69.870483
70.013954
70.157426
70.300897
70.444368
70.587839
70.731311
70.874782
71.018253
71.161724
71.305195
71.448667
71.592138
71.735609
71.879080



0.278683
0.418024
0.557365
0.696707
0.836048
0.975389
1.114731
1.254072
1.393413
1.532755
1.672096
1.811437
1.950779
2.090120
2.229461
2.368803
2.508144
2.647485
2.786827
2.926168
3.065510
3.204851
3.344192
3.483534
3.622875
3.762216
3.901558
4.040899
4.180240
4.319582
4.458923
4.598264
4.737606
4.876947
5.016288
5.155630
5.294971
5.434312
5.573654
5.712995
5.852336
5.991678
6.131019
6.270360
6.409702
6.549043
6.688384
6.827726
6.967067
7.106408
7.245750
7.385091
7.524432
7.663774
7.803115
7.942456
8.081798
8.221139
8.360481
8.499822
8.639163
8.778505
8.917846
9.057187
9.196529
9.335870
9.475211
9.614553
9.753894
9.893235
10.032577
10.171918
10.311259
10.450601
10.589942
10.729283
10.868625
11.007966
11.147307
11.286649
11.425990
11.565331
11.704673
11.844014
11.983355
12.122697
12.262038
12.401379
12.540721
12.680062
12.819403
12.958745
13.098086
13.237427
13.376769
13.516110
13.655452
13.794793
13.934134
14.073476
14.212817
14.352158
14.491500
14.630841
14.770182
14.909524
15.048865
15.188206
15.327548
15.466889
15.606230
15.745572
15.884913
16.024254
16.163596
16.302937
16.442278
16.581620
16.720961
16.860302
16.999644
17.138985
17.278326
17.417668
17.557009
17.696350
17.835692
17.975033
18.114374
18.253716
18.393057
18.532398
18.671740
18.811081
18.950422
19.089764
19.229105
19.368447
19.507788
19.647129
19.786471
19.925812
20.065153
20.204495
20.343836
20.483177
20.622519
20.761860
20.901201
21.040543
21.179884
21.319225
21.458567
21.597908
21.737249
21.876591
22.015932
22.155273
22.294615
22.433956
22.573297
22.712639
22.851980
22.991321
23.130663
23.270004
23.409345
23.548687
23.688028
23.827369
23.966711
24.106052
24.245393
24.384735
24.524076
24.663418
24.802759
24.942100
25.081442
25.220783
25.360124
25.499466
25.638807
25.778148
25.917490
26.056831
26.196172
26.335514
26.474855
26.614196
26.753538
26.892879
27.032220
27.171562
27.310903
27.450244
27.589586
27.728927
27.868268
28.007610
28.146951
28.286292
28.425634
28.564975
28.704316
28.843658
28.982999
29.122340
29.261682
29.401023
29.540364
29.679706
29.819047
29.958389
30.097730
30.237071
30.376413
30.515754
30.655095
30.794437
30.933778
31.073119
31.212461
31.351802
31.491143
31.630485
31.769826
31.909167
32.048509
32.187850
32.327191
32.466533
32.605874
32.745215
32.884557
33.023898
33.163239
33.302581
33.441922
33.581263
33.720605
33.859946
33.999287
34.138629
34.277970
34.417311
34.556653
34.695994
34.835335
34.974677
35.114018
35.253359
35.392701
35.532042
35.671384
35.810725
35.950066
36.089408
36.228749
36.368090
36.507432
36.646773
36.786114
36.925456
37.064797
37.204138
37.343480
37.482821
37.622162
37.761504
37.900845
38.040186
38.179528
38.318869
38.458210
38.597552
38.736893
38.876234
39.015576
39.154917
39.294258
39.433600
39.572941
39.712282
39.851624
39.990965
40.130306
40.269648
40.408989
40.548330
40.687672
40.827013
40.966355
41.105696
41.245037
41.384379
41.523720
41.663061
41.802403
41.941744
42.081085
42.220427
42.359768
42.499109
42.638451
42.777792
42.917133
43.056475
43.195816
43.335157
43.474499
43.613840
43.753181
43.892523
44.031864
44.171205
44.310547
44.449888
44.589229
44.728571
44.867912
45.007253
45.146595
45.285936
45.425277
45.564619
45.703960
45.843301
45.982643
46.121984
46.261326
46.400667
46.540008
46.679350
46.818691
46.958032
47.097374
47.236715
47.376056
47.515398
47.654739
47.794080
47.933422
48.072763
48.212104
48.351446
48.490787
48.630128
48.769470
48.908811
49.048152
49.187494
49.326835
49.466176
49.605518
49.744859
49.884200
50.023542
50.162883
50.302224
50.441566
50.580907
50.720248
50.859590
50.998931
51.138272
51.277614
51.416955
51.556296
51.695638
51.834979
51.974321
52.113662
52.253003
52.392345
52.531686
52.671027
52.810369
52.949710
53.089051
53.228393
53.367734
53.507075
53.646417
53.785758
53.925099
54.064441
54.203782
54.343123
54.482465
54.621806
54.761147
54.900489
55.039830
55.179171
55.318513
55.457854
55.597195
55.736537
55.875878
56.015219
56.154561
56.293902
56.433243
56.572585
56.711926
56.851267
56.990609
57.129950
57.269292
57.408633
57.547974
57.687316
57.826657
57.965998
58.105340
58.244681
58.384022
58.523364
58.662705
58.802046
58.941388
59.080729
59.220070
59.359412
59.498753
59.638094
59.777436
59.916777
60.056118
60.195460
60.334801
60.474142
60.613484
60.752825
60.892166
61.031508
61.170849
61.310190
61.449532
61.588873
61.728214
61.867556
62.006897
62.146238
62.285580
62.424921
62.564262
62.703604
62.842945
62.982287
63.121628
63.260969
63.400311
63.539652
63.678993
63.818335
63.957676
64.097017
64.236359
64.375700
64.515041
64.654383
64.793724
64.933065
65.072407
65.211748
65.351089
65.490431
65.629772
65.769113
65.908455
66.047796
66.187137
66.326479
66.465820
66.605161
66.744503
66.883844
67.023185
67.162527
67.301868
67.441209
67.580551
67.719892
67.859233
67.998575
68.137916
68.277258
68.416599
68.555940
68.695282
68.834623
68.973964
69.113306
69.252647
69.391988
69.531330
69.670671
69.810012
