
500.000000
1000.000000
1499.980072
1999.920290
2499.800731
2999.601480
3499.302623
3998.884255
4498.326479
4997.609406
5496.713155
5995.617858
6494.303658
6992.750709
7490.939180
7988.849255
8486.461133
8983.755028
9480.711174
9977.309822
10473.531243
10969.355729
11464.763593
11959.735170
12454.250819
12948.290924
13441.835893
13934.866162
14427.362193
14919.304478
15410.673536
15901.449920
16391.614209
16881.147020
17370.028998
17858.240827
18345.763222
18832.576937
19318.662761
19804.001522
20288.574087
20772.361364
21255.344299
21737.503882
22218.821145
22699.277163
23178.853058
23657.529994
24135.289185
24612.111889
25087.979414
25562.873118
26036.774407
26509.664739
26981.525625
27452.338626
27922.085360
28390.747497
28858.306763
29324.744942
29790.043872
30254.185452
30717.151638
31178.924448
31639.485957
32098.818306
32556.903694
33013.724386
33469.262710
33923.501059
34376.421892
34828.007733
35278.241176
35727.104880
36174.581576
36620.654062
37065.305207
37508.517953
37950.275313
38390.560373
38829.356291
39266.646302
39702.413714
40136.641913
40569.314360
41000.414594
41429.926231
41857.832968
42284.118579
42708.766921
43131.761929
43553.087623
43972.728103
44390.667553
44806.890239
45221.380515
45634.122817
46045.101668
46454.301678
46861.707542
47267.304044
47671.076058
48073.008545
48473.086555
48871.295230
49267.619802
49662.045594
50054.558023
50445.142596
50833.784916
51220.470677
51605.185668
51987.915775
52368.646977
52747.365351
53124.057069
53498.708401
53871.305714
54241.835473
54610.284243
54976.638687
55340.885567
55703.011747
56063.004191
56420.849962
56776.536227
57130.050255
57481.379417
57830.511185
58177.433136
58522.132953
58864.598418
59204.817423
59542.777960
59878.468132
60211.876142
60542.990303
60871.799033
61198.290859
61522.454412
61844.278432
62163.751769
62480.863379
62795.602327
63107.957787
63417.919043
63725.475488
64030.616626
64333.332069
64633.611541
64931.444877
65226.822023
65519.733035
65810.168082
66098.117444
66383.571514
66666.520795
66946.955905
67224.867575
67500.246645
67773.084074
68043.370929
68311.098394
68576.257764
68838.840451
69098.837979
69356.241986
69611.044226
69863.236566
70112.810987
70359.759588
70604.074580
70845.748290
71084.773160
71321.141746
71554.846723
71785.880878
72014.237114
72239.908451
72462.888023
72683.169081
72900.744991
73115.609236
73327.755413
73537.177236
73743.868535
73947.823256
74149.035461
74347.499326
74543.209147
74736.159331
74926.344406
75113.759012
75298.397907
75480.255964
75659.328173
75835.609637
76009.095578
76179.781333
76347.662352
76512.734204
76674.992572
76834.433254
76991.052164
77144.845331
77295.808899
77443.939127
77589.232389
77731.685174
77871.294085
78008.055841
78141.967274
78273.025330
78401.227071
78526.569671
78649.050420
78768.666718
78885.416083
78999.296143
79110.304640
79218.439430
79323.698481
79426.079873
79525.581799
79622.202565
79715.940587
79806.794394
79894.762627
79979.844038
80062.037489
80141.341953
80217.756516
80291.280372
80361.912826
80429.653291
80494.501293
80556.456466
80615.518551
80671.687401
80724.962975
80775.345342
80822.834679
80867.431269
80909.135503
80947.947882
80983.869009
81016.899597
81047.040465
81074.292535
81098.656838
81120.134509
81138.726788
81154.435018
81167.260650
81177.205235
81184.270431
81188.457996
81189.769793
81188.207788
81183.774047
81176.470742
81166.300141
81153.264617
81137.366644
81118.608793
81096.993740
81072.524256
81045.203215
81015.033587
80982.018442
80946.160949
80907.464374
80865.932079
80821.567525
80774.374270
80724.355966
80671.516362
80615.859303
80557.388728
80496.108672
80432.023262
80365.136721
80295.453364
80222.977599
80147.713928
80069.666943
79988.841330
79905.241864
79818.873413
79729.740933
79637.849472
79543.204167
79445.810244
79345.673018
79242.797891
79137.190355
79028.855987
78917.800452
78804.029503
78687.548977
78568.364796
78446.482970
78321.909591
78194.650836
78064.712967
77932.102329
77796.825347
77658.888533
77518.298478
77375.061854
77229.185417
77080.676001
76929.540521
76775.785972
76619.419428
76460.448040
76298.879041
76134.719738
75967.977518
75798.659844
75626.774254
75452.328365
75275.329866
75095.786524
74913.706178
74729.096743
74541.966207
74352.322631
74160.174148
73965.528964
73768.395356
73568.781674
73366.696336
73162.147832
72955.144721
72745.695633
72533.809265
72319.494382
72102.759819
71883.614477
71662.067323
71438.127394
71211.803788
70983.105673
70752.042280
70518.622903
70282.856904
70044.753704
69804.322792
69561.573715
69316.516086
69069.159577
68819.513922
68567.588917
68313.394417
68056.940336
67798.236650
67537.293390
67274.120650
67008.728578
66741.127381
66471.327323
66199.338725
65925.171963
65648.837469
65370.345730
65089.707287
64806.932736
64522.032727
64235.017962
63945.899197
63654.687238
63361.392946
63066.027231
62768.601055
62469.125429
62167.611416
61864.070127
61558.512722
61250.950410
60941.394448
60629.856142
60316.346842
60000.877947
59683.460902
59364.107198
59042.828370
58719.635999
58394.541711
58067.557175
57738.694102
57407.964250
57075.379417
56740.951442
56404.692209
56066.613641
55726.727703
55385.046398
55041.581773
54696.345911
54349.350935
54000.609008
53650.132328
53297.933135
52944.023704
52588.416345
52231.123408
51872.157276
51511.530371
51149.255146
50785.344091
50419.809730
50052.664621
49683.921355
49313.592556
48941.690881
48568.229018
48193.219688
47816.675642
47438.609663
47059.034564
46677.963187
46295.408406
45911.383121
45525.900264
45138.972793
44750.613694
44360.835982
43969.652698
43577.076910
43183.121711
42787.800223
42391.125591
41993.110984
41593.769600
41193.114655
40791.159395
40387.917086
39983.401018
39577.624502
39170.600874
38762.343491
38352.865729
37942.180989
37530.302689
37117.244270
36703.019192
36287.640934
35871.122995
35453.478891
35034.722159
34614.866351
34193.925039
33771.911811
33348.840273
32924.724045
32499.576765
32073.412086
31646.243678
31218.085223
30788.950420
30358.852980
29927.806630
29495.825110
29062.922171
28629.111579
28194.407112
27758.822560
27322.371723
26885.068414
26446.926456
26007.959683
25568.181940
25127.607081
24686.248968
24244.121474
23801.238480
23357.613876
22913.261560
22468.195437
22022.429420
21575.977428
21128.853389
20681.071234
20232.644902
19783.588337
19333.915490
18883.640315
18432.776770
17981.338819
17529.340430
17076.795573
16623.718222
16170.122355
15716.021951
15261.430992
14806.363461
14350.833345
13894.854629
13438.441301
12981.607350
12524.366763
12066.733529
11608.721637
11150.345073
10691.617824
10232.553874
9773.167208
9313.471806
8853.481646
8393.210707
7932.672961
7471.882377
7010.852924
6549.598564
6088.133255
5626.470952
5164.625603
4702.611153
4240.441541
3778.130699
3315.692555
2853.141030
2390.490037
1927.753483
1464.945269
1002.079286
539.169419
76.229544
-386.726472
-849.684768
-1312.631496
-1775.552814
-2238.434892
-2701.263908
-3164.026053
-3626.707524
-4089.294534
-4551.773304
-5014.130066
-5476.351066
-5938.422560
-6400.330818
-6862.062121
-7323.602762
-7784.939051
-8246.057308
-8706.943867
-9167.585077
-9627.967301
-10088.076917
-10547.900317
-11007.423908
-11466.634113
-11925.517371
-12384.060135
-12842.248878
-13300.070085
-13757.510262
-14214.555928
-14671.193623
-15127.409901
-15583.191338
-16038.524526
-16493.396074
-16947.792612
-17401.700787
-17855.107269
-18307.998742
-18760.361915
-19212.183514
-19663.450286
-20114.148998
-20564.266440
-21013.789420
-21462.704771
-21910.999344
-22358.660015
-22805.673681
-23252.027260
-23697.707695
-24142.701951
-24586.997015
-25030.579901
-25473.437644
-25915.557302
-26356.925961
-26797.530728
-27237.358737
-27676.397146
-28114.633138
-28552.053924
-28988.646738
-29424.398841
-29859.297522
-30293.330093
-30726.483897
-31158.746301
-31590.104701
-32020.546520
-32450.059210
-32878.630249
-33306.247145
-33732.897436
-34158.568684
-34583.248487
-35006.924466
-35429.584275
-35851.215599
-36271.806150
-36691.343672
-37109.815940
-37527.210760
-37943.515968
-38358.719433
-38772.809053
-39185.772762
-39597.598522
-40008.274330
-40417.788215
-40826.128238
-41233.282495
-41639.239115
-42043.986258
-42447.512121
-42849.804934
-43250.852961
-43650.644502
-44049.167889
-44446.411493
-44842.363718
-45237.013003
-45630.347824
-46022.356693
-46413.028159
-46802.350806
-47190.313255
-47576.904166
-47962.112234
-48345.926193
-48728.334814
-49109.326907
-49488.891318
-49867.016934
-50243.692680
-50618.907519
-50992.650455
-51364.910530
-51735.676826
-52104.938465
-52472.684609
-52838.904462
-53203.587267
-53566.722308
-53928.298909
-54288.306439
-54646.734306
-55003.571959
-55358.808891
-55712.434637
-56064.438773
-56414.810921
-56763.540742
-57110.617944
-57456.032275
-57799.773531
-58141.831547
-58482.196206
-58820.857434
-59157.805202
-59493.029526
-59826.520466
-60158.268129
-60488.262667
-60816.494277
-61142.953204
-61467.629737
-61790.514214
-62111.597017
-62430.868578
-62748.319374
-63063.939930
-63377.720820
-63689.652664
-63999.726132
-64307.931940
-64614.260856
-64918.703693
-65221.251317
-65521.894641
-65820.624627
-66117.432289
-66412.308689
-66705.244940
-66996.232207
-67285.261703
-67572.324693
-67857.412494
-68140.516474
-68421.628052
-68700.738699
-68977.839939
-69252.923347
-69525.980552
-69797.003234
-70065.983127
-70332.912018
-70597.781749
-70860.584212
-71121.311357
-71379.955185
-71636.507754
-71890.961173
-72143.307610
-72393.539285
-72641.648473
-72887.627508
-73131.468775
-73373.164719
-73612.707838
-73850.090689
-74085.305882
-74318.346088
-74549.204033
-74777.872499
-75004.344327
-75228.612415
-75450.669721
-75670.509258
-75888.124098
-76103.507373
-76316.652273
-76527.552047
-76736.200003
-76942.589508
-77146.713989
-77348.566934
-77548.141889
-77745.432462
-77940.432321
-78133.135193
-78323.534868
-78511.625197
-78697.400091
-78880.853524
-79061.979531
-79240.772208
-79417.225715
-79591.334273
-79763.092167
-79932.493744
-80099.533413
-80264.205647
-80426.504983
-80586.426022
-80743.963426
-80899.111925
-81051.866309
-81202.221437
-81350.172229
-81495.713671
-81638.840814
-81779.548775
-81917.832735
-82053.687943
-82187.109710
-82318.093417
-82446.634508
-82572.728497
-82696.370960
-82817.557544
-82936.283961
-83052.545990
-83166.339478
-83277.660340
-83386.504557
-83492.868180
-83596.747327
-83698.138185
-83797.037009
-83893.440121
-83987.343916
-84078.744855
-84167.639468
-84254.024356
-84337.896189
-84419.251707
-84498.087719
-84574.401106
-84648.188816
-84719.447871
-84788.175363
-84854.368452
-84918.024373
-84979.140429
-85037.713996
-85093.742521
-85147.223523
-85198.154593
-85246.533392
-85292.357656
-85335.625193
-85376.333880
-85414.481672
-85450.066592
-85483.086739
-85513.540283
-85541.425470
-85566.740617
-85589.484115
-85609.654430
-85627.250099
-85642.269738
-85654.712032
-85664.575743
-85671.859707
-85676.562834
-85678.684110
-85678.222594
-85675.177423
-85669.547805
-85661.333028
-85650.532450
-85637.145510
-85621.171719
-85602.610665
-85581.462012
-85557.725500
-85531.400945
-85502.488238
-85470.987350
-85436.898325
-85400.221284
-85360.956427
-85319.104030
-85274.664443
-85227.638098
-85178.025500
-85125.827234
-85071.043961
-85013.676420
-84953.725426
-84891.191875
-84826.076738
-84758.381065
-84688.105983
-84615.252697
-84539.822493
-84461.816732
-84381.236854
-84298.084378
-84212.360900
-84124.068097
-84033.207723
-83939.781611
-83843.791672
-83745.239896
-83644.128354
-83540.459192
-83434.234639
-83325.457000
-83214.128662
-83100.252087
-82983.829820
-82864.864484
-82743.358781
-82619.315492
-82492.737479
-82363.627680
-82231.989118
-82097.824889
-81961.138173
-81821.932229
-81680.210394
-81535.976085
-81389.232799
-81239.984114
-81088.233684
-80933.985246
-80777.242615
-80618.009687
-80456.290436
-80292.088916
-80125.409263
-79956.255688
-79784.632487
-79610.544031
-79433.994774
-79254.989248
-79073.532065
-78889.627915
-78703.281570
-78514.497881
-78323.281777
-78129.638267
-77933.572441
-77735.089467
-77534.194592
-77330.893142
-77125.190525
-76917.092224
-76706.603804
-76493.730910
-76278.479262
-76060.854662
-75840.862991
-75618.510207
-75393.802348
-75166.745531
-74937.345950
-74705.609878
-74471.543669
-74235.153750
-73996.446632
-73755.428901
-73512.107220
-73266.488333
-73018.579059
-72768.386296
-72515.917020
-72261.178284
-72004.177218
-71744.921030
-71483.417003
-71219.672500
-70953.694960
-70685.491896
-70415.070901
-70142.439644
-69867.605867
-69590.577391
-69311.362114
-69029.968007
-68746.403117
-68460.675569
-68172.793560
-67882.765364
-67590.599330
-67296.303882
-66999.887517
-66701.358807
-66400.726399
-66097.999014
-65793.185446
-65486.294563
-65177.335306
-64866.316691
-64553.247803
-64238.137805
-63920.995928
-63601.831477
-63280.653831
-62957.472438
-62632.296819
-62305.136566
-61976.001342
-61644.900881
-61311.844989
-60976.843540
-60639.906479
-60301.043822
-59960.265654
-59617.582129
-59273.003469
-58926.539967
-58578.201984
-58227.999947
-57875.944354
-57522.045768
-57166.314822
-56808.762214
-56449.398710
-56088.235140
-55725.282404
-55360.551465
-54994.053351
-54625.799159
-54255.800046
-53884.067236
-53510.612018
-53135.445744
-52758.579827
-52380.025748
-51999.795047
-51617.899328
-51234.350257
-50849.159562
-50462.339030
-50073.900513
-49683.855921
-49292.217224
-48898.996454
-48504.205701
-48107.857114
-47709.962902
-47310.535330
-46909.586723
-46507.129464
-46103.175990
-45697.738799
-45290.830443