
400.000000
800.000000
1199.984057
1599.936232
1999.840585
2399.681184
2799.442098
3199.107404
3598.661183
3998.087525
4397.370524
4796.494287
5195.442926
5594.200567
5992.751344
6391.079404
6789.168906
7187.004022
7584.568939
7981.847858
8378.824995
8775.484584
9171.810875
9567.788136
9963.400655
10358.632739
10753.468714
11147.892930
11541.889755
11935.443582
12328.538829
12721.159936
13113.291367
13504.917616
13896.023199
14286.592661
14676.610578
15066.061549
15454.930208
15843.201218
16230.859270
16617.889091
17004.275439
17390.003106
17775.056916
18159.421731
18543.082446
18926.023996
19308.231348
19689.689511
20070.383531
20450.298494
20829.419525
21207.731791
21585.220500
21961.870901
22337.668288
22712.597998
23086.645411
23459.795953
23832.035098
24203.348362
24573.721311
24943.139558
25311.588766
25679.054645
26045.522955
26410.979509
26775.410168
27138.800847
27501.137513
27862.406187
28222.592941
28581.683904
28939.665261
29296.523249
29652.244166
30006.814363
30360.220251
30712.448298
31063.485033
31413.317041
31761.930972
32109.313531
32455.451488
32800.331675
33143.940985
33486.266374
33827.294863
34167.013537
34505.409544
34842.470099
35178.182483
35512.534042
35845.512192
36177.104412
36507.298254
36836.081335
37163.441342
37489.366033
37813.843235
38136.860847
38458.406836
38778.469244
39097.036184
39414.095841
39729.636475
40043.646418
40356.114077
40667.027933
40976.376541
41284.148534
41590.332620
41894.917582
42197.892281
42499.245655
42798.966721
43097.044571
43393.468378
43688.227394
43981.310949
44272.708454
44562.409398
44850.403352
45136.679969
45421.228982
45704.040204
45985.103533
46264.408948
46541.946509
46817.706362
47091.678735
47363.853938
47634.222368
47902.774505
48169.500913
48434.392242
48697.439227
48958.632687
49217.963529
49475.422746
49731.001415
49984.690703
50236.481861
50486.366230
50734.335234
50980.380391
51224.493301
51466.665655
51706.889233
51945.155902
52181.457619
52415.786428
52648.134466
52878.493955
53106.857211
53333.216636
53557.564724
53779.894060
54000.197316
54218.467259
54434.696743
54648.878715
54861.006211
55071.072361
55279.070383
55484.993589
55688.835381
55890.589252
56090.248790
56287.807671
56483.259664
56676.598632
56867.818528
57056.913397
57243.877379
57428.704702
57611.389691
57791.926761
57970.310418
58146.535265
58320.595993
58492.487389
58662.204330
58829.741789
58995.094828
59158.258605
59319.228369
59477.999461
59634.567317
59788.927465
59941.075525
60091.007210
60238.718326
60384.204771
60527.462538
60668.487710
60807.276463
60943.825066
61078.129882
61210.187363
61339.994058
61467.546603
61592.841731
61715.876265
61836.647119
61955.151301
62071.385911
62185.348139
62297.035268
62406.444673
62513.573819
62618.420264
62720.981657
62821.255737
62919.240336
63014.933374
63108.332866
63199.436914
63288.243712
63374.751544
63458.958785
63540.863898
63620.465439
63697.762052
63772.752469
63845.435515
63915.810102
63983.875230
64049.629991
64113.073563
64174.205213
64233.024298
64289.530260
64343.722633
64395.601035
64445.165173
64492.414841
64537.349921
64579.970380
64620.276274
64658.267743
64693.945015
64727.308403
64758.358305
64787.095207
64813.519678
64837.632372
64859.434028
64878.925471
64896.107607
64910.981430
64923.548015
64933.808520
64941.764188
64947.416344
64950.766396
64951.815834
64950.566230
64947.019238
64941.176593
64933.040113
64922.611694
64909.893315
64894.887035
64877.594992
64858.019405
64836.162572
64812.026869
64785.614754
64756.928759
64725.971499
64692.745663
64657.254020
64619.499416
64579.484773
64537.213090
64492.687443
64445.910983
64396.886937
64345.618610
64292.109377
64236.362691
64178.382079
64118.171142
64055.733555
63991.073064
63924.193491
63855.098730
63783.792746
63710.279578
63634.563334
63556.648196
63476.538414
63394.238313
63309.752284
63223.084790
63134.240362
63043.223603
62950.039181
62854.691837
62757.186376
62657.527673
62555.720669
62451.770374
62345.681863
62237.460278
62127.110827
62014.638782
61900.049484
61783.348334
61664.540801
61543.632417
61420.628778
61295.535542
61168.358432
61039.103233
60907.775790
60774.382014
60638.927875
60501.419403
60361.862692
60220.263893
60076.629219
59930.964942
59783.277395
59633.572966
59481.858105
59328.139318
59172.423171
59014.716285
58855.025339
58693.357069
58529.718265
58364.115777
58196.556506
58027.047412
57855.595506
57682.207855
57506.891581
57329.653859
57150.501915
56969.443031
56786.484539
56601.633824
56414.898323
56226.285523
56035.802964
55843.458234
55649.258972
55453.212869
55255.327662
55055.611138
54854.071134
54650.715534
54445.552269
54238.589320
54029.834712
53819.296520
53606.982862
53392.901905
53177.061859
52959.470980
52740.137571
52519.069975
52296.276584
52071.765830
51845.546189
51617.626182
51388.014370
51156.719357
50923.749790
50689.114357
50452.821785
50214.880844
49975.300343
49734.089133
49491.256101
49246.810177
49000.760328
48753.115559
48503.884913
48253.077473
48000.702358
47746.768722
47491.285758
47234.262696
46975.708800
46715.633369
46454.045740
46190.955282
45926.371400
45660.303533
45392.761154
45123.753767
44853.290913
44581.382162
44308.037119
44033.265418
43757.076729
43479.480748
43200.487206
42920.105863
42638.346508
42355.218963
42070.733076
41784.898726
41497.725821
41209.224297
40919.404116
40628.275272
40335.847784
40042.131697
39747.137084
39450.874045
39153.352705
38854.583214
38554.575750
38253.340513
37950.887730
37647.227651
37342.370550
37036.326725
36729.106497
36420.720211
36111.178234
35800.490955
35488.668785
35175.722158
34861.661528
34546.497369
34230.240179
33912.900473
33594.488788
33275.015680
32954.491724
32632.927516
32310.333669
31986.720814
31662.099602
31336.480699
31009.874792
30682.292583
30353.744791
30024.242151
29693.795416
29362.415354
29030.112748
28696.898396
28362.783113
28027.777727
27691.893081
27355.140031
27017.529449
26679.072218
26339.779236
25999.661412
25658.729669
25316.994942
24974.468179
24631.160336
24287.082384
23942.245304
23596.660088
23250.337737
22903.289263
22555.525690
22207.058048
21857.897378
21508.054731
21157.541165
20806.367747
20454.545552
20102.085665
19748.999174
19395.297179
19040.990784
18686.091101
18330.609248
17974.556350
17617.943536
17260.781943
16903.082711
16544.856987
16186.115921
15826.870670
15467.132392
15106.912252
14746.221416
14385.071055
14023.472344
13661.436458
13298.974578
12936.097884
12572.817561
12209.144793
11845.090769
11480.666676
11115.883703
10750.753041
10385.285880
10019.493410
9653.386824
9286.977310
8920.276059
8553.294259
8186.043100
7818.533766
7450.777444
7082.785317
6714.568566
6346.138368
5977.505902
5608.682340
5239.678851
4870.506604
4501.176761
4131.700482
3762.088922
3392.353233
3022.504559
2652.554044
2282.512824
1912.392030
1542.202787
1171.956215
801.663429
431.335535
60.983635
-309.381177
-679.747814
-1050.105197
-1420.442251
-1790.747913
-2161.011127
-2531.220842
-2901.366019
-3271.435627
-3641.418643
-4011.304053
-4381.080853
-4750.738048
-5120.264654
-5489.649696
-5858.882210
-6227.951241
-6596.845846
-6965.555093
-7334.068062
-7702.373841
-8070.461534
-8438.320253
-8805.939126
-9173.307290
-9540.413897
-9907.248108
-10273.799102
-10640.056068
-11006.008209
-11371.644742
-11736.954898
-12101.927921
-12466.553071
-12830.819621
-13194.716859
-13558.234089
-13921.360630
-14284.085815
-14646.398994
-15008.289532
-15369.746811
-15730.760229
-16091.319198
-16451.413152
-16811.031536
-17170.163817
-17528.799476
-17886.928012
-18244.538945
-18601.621808
-18958.166156
-19314.161560
-19669.597612
-20024.463921
-20378.750115
-20732.445842
-21085.540769
-21438.024582
-21789.886989
-22141.117717
-22491.706511
-22841.643139
-23190.917390
-23539.519073
-23887.438017
-24234.664074
-24581.187117
-24926.997041
-25272.083761
-25616.437216
-25960.047368
-26302.904199
-26644.997716
-26986.317948
-27326.854948
-27666.598789
-28005.539573
-28343.667420
-28680.972479
-29017.444920
-29353.074938
-29687.852752
-30021.768608
-30354.812775
-30686.975546
-31018.247243
-31348.618209
-31678.078817
-32006.619464
-32334.230572
-32660.902591
-32986.625996
-33311.391292
-33635.189006
-33958.009697
-34279.843947
-34600.682369
-34920.515601
-35239.334311
-35557.129195
-35873.890974
-36189.610402
-36504.278259
-36817.885355
-37130.422527
-37441.880645
-37752.250604
-38061.523333
-38369.689787
-38676.740955
-38982.667851
-39287.461525
-39591.113054
-39893.613547
-40194.954144
-40495.126015
-40794.120364
-41091.928424
-41388.541460
-41683.950772
-41978.147688
-42271.123570
-42562.869814
-42853.377846
-43142.639127
-43430.645151
-43717.387444
-44002.857567
-44287.047113
-44569.947709
-44851.551019
-45131.848737
-45410.832594
-45688.494355
-45964.825820
-46239.818825
-46513.465238
-46785.756965
-47056.685947
-47326.244162
-47594.423621
-47861.216373
-48126.614503
-48390.610133
-48653.195422
-48914.362563
-49174.103790
-49432.411371
-49689.277614
-49944.694862
-50198.655499
-50451.151944
-50702.176656
-50951.722131
-51199.780905
-51446.345552
-51691.408685
-51934.962955
-52177.001054
-52417.515713
-52656.499702
-52893.945831
-53129.846951
-53364.195952
-53596.985766
-53828.209362
-54057.859755
-54285.929996
-54512.413179
-54737.302442
-54960.590959
-55182.271951
-55402.338678
-55620.784441
-55837.602587
-56052.786501
-56266.329614
-56478.225399
-56688.467370
-56897.049086
-57103.964148
-57309.206203
-57512.768939
-57714.646088
-57914.831428
-58113.318779
-58310.102006
-58505.175020
-58698.531775
-58890.166271
-59080.072551
-59268.244706
-59454.676871
-59639.363226
-59822.297999
-60003.475461
-60182.889932
-60360.535777
-60536.407406
-60710.499278
-60882.805898
-61053.321819
-61222.041638
-61388.960002
-61554.071606
-61717.371191
-61878.853547
-62038.513512
-62196.345970
-62352.345857
-62506.508154
-62658.827895
-62809.300158
-62957.920073
-63104.682819
-63249.583625
-63392.617766
-63533.780572
-63673.067419
-63810.473734
-63945.994995
-64079.626730
-64211.364518
-64341.203987
-64469.140817
-64595.170741
-64719.289540
-64841.493047
-64961.777149
-65080.137783
-65196.570936
-65311.072651
-65423.639020
-65534.266188
-65642.950354
-65749.687768
-65854.474733
-65957.307607
-66058.182797
-66157.096768
-66254.046035
-66349.027169
-66442.036792
-66533.071583
-66622.128272
-66709.203646
-66794.294544
-66877.397862
-66958.510548
-67037.629607
-67114.752097
-67189.875133
-67262.995884
-67334.111574
-67403.219485
-67470.316952
-67535.401366
-67598.470176
-67659.520884
-67718.551053
-67775.558297
-67830.540290
-67883.494762
-67934.419498
-67983.312343
-68030.171197
-68074.994017
-68117.778818
-68158.523674
-68197.226714
-68233.886125
-68268.500154
-68301.067104
-68331.585337
-68360.053273
-68386.469391
-68410.832227
-68433.140376
-68453.392493
-68471.587292
-68487.723544
-68501.800080
-68513.815790
-68523.769625
-68531.660594
-68537.487765
-68541.250267
-68542.947288
-68542.578075
-68540.141938
-68535.638244
-68529.066422
-68520.425960
-68509.716408
-68496.937375
-68482.088532
-68465.169610
-68446.180400
-68425.120756
-68401.990591
-68376.789880
-68349.518660
-68320.177027
-68288.765142
-68255.283224
-68219.731555
-68182.110478
-68142.420400
-68100.661787
-68056.835169
-68010.941136
-67962.980341
-67912.953500
-67860.861390
-67806.704852
-67750.484786
-67692.202158
-67631.857995
-67569.453386
-67504.989483
-67438.467502
-67369.888720
-67299.254478
-67226.566179
-67151.825289
-67075.033337
-66996.191917
-66915.302683
-66832.367354
-66747.387711
-66660.365600
-66571.302929
-66480.201670
-66387.063856
-66291.891587
-66194.687025
-66095.452394
-65994.189983
-65890.902144
-65785.591294
-65678.259911
-65568.910539
-65457.545783
-65344.168315
-65228.780868
-65111.386240
-64991.987291
-64870.586947
-64747.188197
-64621.794092
-64494.407750
-64365.032349
-64233.671133
-64100.327410
-63965.004551
-63827.705990
-63688.435225
-63547.195820
-63403.991399
-63258.825652
-63111.702332
-62962.625256
-62811.598305
-62658.625421
-62503.710614
-62346.857953
-62188.071574
-62027.355673
-61864.714514
-61700.152420
-61533.673779
-61365.283044
-61194.984728
-61022.783409
-60848.683730
-60672.690393
-60494.808165
-60315.041878
-60133.396424
-59949.876760
-59764.487903
-59577.234935
-59388.123000
-59197.157306
-59004.343121
-58809.685776
-58613.190666
-58414.863247
-58214.709037
-58012.733616
-57808.942627
-57603.341775
-57395.936824
-57186.733603
-56975.738000
-56762.955968
-56548.393517
-56332.056721
-56113.951715
-55894.084693
-55672.461913
-55449.089691
-55223.974405
-54997.122494
-54768.540455
-54538.234848
-54306.212291
-54072.479464
-53837.043106
-53599.910013
-53361.087045
-53120.581119
-52878.399211
-52634.548357
-52389.035650
-52141.868245
-51893.053352
-51642.598243
-51390.510244
-51136.796742
-50881.465182
-50624.523065
-50365.977951
-50105.837455
-49844.109253
-49580.801074
-49315.920705
-49049.475991
-48781.474832
-48511.925183
-48240.835058
-47968.212523
-47694.065703
-47418.402775
-47141.231974
-46862.561587
-46582.399957
-46300.755483
-46017.636615
-45733.051858
-45447.009771
-45159.518968
-44870.588112
-44580.225923
-44288.441172
-43995.242681
-43700.639327
-43404.640037
-43107.253789
-42808.489615
-42508.356595
-42206.863862
-41904.020599
-41599.836038
-41294.319463
-40987.480206
-40679.327649
-40369.871224
-40059.120411
-39747.084737
-39433.773780
-39119.197164
-38803.364561
-38486.285691
-38167.970321
-37848.428264
-37527.669378
-37205.703571
-36882.540792
-36558.191040
-36232.664354