0.286942
0.430177
0.572936
0.714981
0.856070
0.995958
1.134395
1.271129
1.405901
1.538449
1.668504
1.795794
1.920042
2.040964
2.158276
2.271689
2.380915
2.485664
2.585646
2.680577
2.770177
2.854172
2.932297
3.004299
3.069940
3.128994
3.181257
3.226541
3.264684
3.295544
3.319008
3.334987
3.343421
3.344278
3.337554
3.323275
3.301496
3.272297
3.235788
3.192104
3.141403
3.083866
3.019694
2.949108
2.872345
2.789654
2.701297
2.607546
2.508680
2.404983
2.296743
2.184250
2.067794
1.947662
1.824142
1.697515
1.568060
1.436052
1.301759
1.165445
1.027371
0.887789
0.746950
0.605099
0.462480
0.319333
0.175894
0.032402
-0.110906
-0.253794
-0.396022
-0.537348
-0.677528
-0.816315
-0.953456
-1.088695
-1.221768
-1.352410
-1.480349
-1.605309
-1.727007
-1.845160
-1.959479
-2.069677
-2.175462
-2.276546
-2.372643
-2.463472
-2.548756
-2.628230
-2.701637
-2.768735
-2.829296
-2.883110
-2.929986
-2.969756
-3.002272
-3.027416
-3.045093
-3.055235
-3.057805
-3.052793
-3.040217
-3.020126
-2.992595
-2.957727
-2.915651
-2.866520
-2.810510
-2.747819
-2.678662
-2.603273
-2.521898
-2.434798
-2.342242
-2.244507
-2.141876
-2.034638
-1.923080
-1.807494
-1.688168
-1.565388
-1.439438
-1.310598
-1.179143
-1.045343
-0.909463
-0.771764
-0.632501
-0.491924
-0.350281
-0.207815
-0.064765
0.078628
0.222129
0.365499
0.508503
0.650901
0.792452
0.932913
1.072036
1.209572
1.345262
1.478848
1.610063
1.738637
1.864294
1.986754
2.105733
2.220944
2.332098
2.438905
2.541076
2.638325
2.730368
2.816929
2.897738
2.972538
3.041082
3.103139
3.158495
3.206954
3.248342
3.282509
3.309328
3.328698
3.340547
3.344830
3.341530
3.330660
3.312261
3.286403
3.253182
3.212722
3.165170
3.110698
3.049499
2.981783
2.907781
2.827736
2.741906
2.650558
2.553968
2.452419
2.346196
2.235590
2.120888
2.002382
1.880357
1.755099
1.626888
1.496000
1.362706
1.227273
1.089963
0.951031
0.810729
0.669306
0.527004
0.384066
0.240729
0.097232
-0.046189
-0.189296
-0.331852
-0.473615
-0.614344
-0.753792
-0.891708
-1.027838
-1.161923
-1.293697
-1.422891
-1.549231
-1.672438
-1.792228
-1.908316
-2.020412
-2.128227
-2.231471
-2.329857
-2.423100
-2.510923
-2.593055
-2.669235
-2.739213
-2.802755
-2.859642
-2.909675
-2.952676
-2.988486
-3.016975
-3.038035
-3.051588
-3.057583
-3.055996
-3.046834
-3.030131
-3.005951
-2.974383
-2.935547
-2.889583
-2.836658
-2.776961
-2.710698
-2.638095
-2.559393
-2.474847
-2.384722
-2.289292
-2.188839
-2.083647
-1.974005
-1.860203
-1.742531
-1.621277
-1.496724
-1.369156
-1.238849
-1.106075
-0.971103
-0.834194
-0.695606
-0.555592
-0.414400
-0.272276
-0.129460
0.013807
0.157288
0.300747
0.443946
0.586647
0.728611
0.869595
1.009354
1.147638
1.284194
1.418764
1.551083
1.680885
1.807894
1.931833
2.052420
2.169369
2.282392
2.391200
2.495502
2.595010
2.689440
2.778512
2.861953
2.939499
3.010900
3.075916
3.134325
3.185923
3.230526
3.267974
3.298127
3.320873
3.336128
3.343834
3.343960
3.336507
3.321504
3.299006
3.269098
3.231892
3.187525
3.136157
3.077972
3.013173
2.941983
2.864637
2.781389
2.692500
2.598245
2.498901
2.394755
2.286093
2.173206
2.056383
1.935913
1.812081
1.685169
1.555457
1.423217
1.288718
1.152224
1.013993
0.874280
0.733332
0.591398
0.448717
0.305531
0.162077
0.018593
-0.124686
-0.267520
-0.409672
-0.550898
-0.690955
-0.829595
-0.966564
-1.101605
-1.234457
-1.364850
-1.492515
-1.617172
-1.738541
-1.856338
-1.970273
-2.080058
-2.185403
-2.286020
-2.381622
-2.471928
-2.556665
-2.635566
-2.708376
-2.774854
-2.834774
-2.887928
-2.934127
-2.973204
-3.005016
-3.029444
-3.046398
-3.055812
-3.057652
-3.051911
-3.038609
-3.017798
-2.989555
-2.953987
-2.911225
-2.861423
-2.804762
-2.741438
-2.671671
-2.595695
-2.513757
-2.426120
-2.333052
-2.234834
-2.131747
-2.024080
-1.912122
-1.796164
-1.676492
-1.553395
-1.427155
-1.298051
-1.166358
-1.032347
-0.896281
-0.758420
-0.619019
-0.478329
-0.336596
-0.194063



0.278741
0.418055
0.557525
0.697396
0.837906
0.979292
1.121783
1.265603
1.410964
1.558069
1.707108
1.858257
2.011678
2.167513
2.325887
2.486907
2.650655
2.817193
2.986558
3.158765
3.333800
3.511628
3.692185
3.875383
4.061106
4.249217
4.439552
4.631926
4.826134
5.021949
5.219129
5.417418
5.616547
5.816237
6.016206
6.216165
6.415829
6.614913
6.813140
7.010242
7.205963
7.400061
7.592313
7.782514
7.970479
8.156047
8.339081
8.519469
8.697123
8.871982
9.044009
9.213196
9.379557
9.543131
9.703982
9.862194
10.017873
10.171146
10.322158
10.471070
10.618059
10.763317
10.907047
11.049462
11.190786
11.331249
11.471087
11.610540
11.749852
11.889266
12.029025
12.169369
12.310537
12.452759
12.596260
12.741254
12.887948
13.036534
13.187192
13.340086
13.495364
13.653155
13.813569
13.976694
14.142598
14.311322
14.482887
14.657286
14.834488
15.014435
15.197045
15.382209
15.569793
15.759641
15.951572
16.145385
16.340857
16.537751
16.735813
16.934776
17.134364
17.334295
17.534281
17.734037
17.933276
18.131720
18.329099
18.525154
18.719640
18.912327
19.103008
19.291493
19.477616
19.661233
19.842228
20.020505
20.196000
20.368669
20.538497
20.705494
20.869693
21.031152
21.189952
21.346193
21.499997
21.651506
21.800878
21.948286
22.093917
22.237974
22.380667
22.522218
22.662855
22.802813
22.942332
23.081654
23.221024
23.360683
23.500875
23.641836
23.783800
23.926993
24.071631
24.217924
24.366066
24.516241
24.668617
24.823344
24.980557
25.140370
25.302876
25.468147
25.636231
25.807154
25.980915
26.157487
26.336820
26.518837
26.703435
26.890486
27.079837
27.271315
27.464721
27.659838
27.856433
28.054254
28.253037
28.452508
28.652387
28.852386
29.052218
29.251599
29.450247
29.647890
29.844265
30.039126
30.232239
30.423391
30.612387
30.799057
30.983252
31.164847
31.343746
31.519873
31.693183
31.863653
32.031288
32.196115
32.358187
32.517579
32.674388
32.828732
32.980746
33.130586
33.278421
33.424437
33.568831
33.711813
33.853602
33.994425
34.134516
34.274114
34.413459
34.552797
34.692369
34.832420
34.973187
35.114904
35.257800
35.402093
35.547994
35.695702
35.845403
35.997267
36.151451
36.308092
36.467308
36.629198
36.793840
36.961286
37.131566
37.304687
37.480628
37.659343
37.840762
38.024787
38.211296
38.400142
38.591155
38.784144
38.978895
39.175177
39.372743
39.571333
39.770673
39.970484
40.170481
40.370377
40.569884
40.768722
40.966615
41.163299
41.358523
41.552050
41.743663
41.933162
42.120371
42.305137
42.487330
42.666845
42.843603
43.017552
43.188665
43.356938
43.522396
43.685085
43.845074
44.002458
44.157347
44.309875
44.460191
44.608464
44.754874
44.899617
45.042899
45.184938
45.325959
45.466195
45.605882
45.745263
45.884581
46.024080
46.164001
46.304586
46.446068
46.588678
46.732637
46.878157
47.025440
47.174675
47.326036
47.479683
47.635758
47.794383
47.955662
48.119676
48.286485
48.456124
48.628603
48.803910
48.982004
49.162819
49.346265
49.532225
49.720557
49.911097
50.103657
50.298030
50.493987
50.691286
50.889667
51.088862
51.288592
51.488572
51.688515
51.888135
52.087149
52.285279
52.482259
52.677834
52.871764
53.063827
53.253820
53.441561
53.626891
53.809675
53.989803
54.167190
54.341777
54.513531
54.682445
54.848536
55.011845
55.172437
55.330400
55.485841
55.638890
55.789693
55.938412
56.085226
56.230328
56.373921
56.516222
56.657453
56.797845
56.937635
57.077065
57.216375
57.355812
57.495617
57.636030
57.777290
57.919625
58.063260
58.208410
58.355278
58.504056
58.654922
58.808040
58.963554
59.121593
59.282265
59.445655
59.611828
59.780826
59.952664
60.127335
60.304804
60.485011
60.667872
60.853275
61.041085
61.231142
61.423263
61.617245
61.812865
62.009883
62.208043
62.407078
62.606712
62.806661
63.006637
63.206355
63.405530
63.603884
63.801146
63.997060
64.191382
64.383886
64.574363
64.762627
64.948515
65.131884
65.312621
65.490633
65.665857
65.838253
66.007807
66.174533
66.338466
66.499665
66.658213
66.814214
66.967791
67.119087
67.268262
67.415490
67.560961
67.704877
67.847451
67.988903
68.129464
