0.286942
0.430018
0.572302
0.713390
0.852875
0.990339
1.125356
1.257488
1.386286
1.511293
1.632039
1.748050
1.858842
1.963935
2.062846
2.155102
2.240240
2.317818
2.387415
2.448641
2.501144
2.544611
2.578780
2.603441
2.618439
2.623680
2.619130
2.604818
2.580835
2.547331
2.504512
2.452638
2.392016
2.322998
2.245970
2.161351
2.069582
1.971126
1.866454
1.756048
1.640390
1.519962
1.395241
1.266695
1.134783
0.999956
0.862650
0.723294
0.582306
0.440093
0.297060
0.153604
0.010120
-0.132997
-0.275349
-0.416536
-0.556147
-0.693768
-0.828972
-0.961322
-1.090370
-1.215660
-1.336723
-1.453083
-1.564260
-1.669771
-1.769134
-1.861875
-1.947531
-2.025656
-2.095830
-2.157659
-2.210788
-2.254902
-2.289736
-2.315073
-2.330757
-2.336688
-2.332830
-2.319205
-2.295900
-2.263062
-2.220893
-2.169648
-2.109633
-2.041195
-1.964719
-1.880622
-1.789343
-1.691343
-1.587094
-1.477077
-1.361774
-1.241668
-1.117234
-0.988943
-0.857254
-0.722618
-0.585473
-0.446248
-0.305361
-0.163222
-0.020234
0.123206
0.266701
0.409857
0.552276
0.693558
0.833294
0.971069
1.106458
1.239024
1.368321
1.493891
1.615268
1.731975
1.843534
1.949461
2.049273
2.142497
2.228668
2.307340
2.378088
2.440518
2.494272
2.539032
2.574528
2.600542
2.616912
2.623533
2.620365
2.607428
2.584803
2.552632
2.511113
2.460500
2.401093
2.333237
2.257316
2.173742
2.082955
1.985414
1.881591
1.771965
1.657020
1.537236
1.413093
1.285058
1.153595
1.019152
0.882170
0.743078
0.602295
0.460231
0.317290
0.173869
0.030365
-0.112828
-0.255312
-0.396688
-0.536547
-0.674474
-0.810045
-0.942825
-1.072368
-1.198216
-1.319904
-1.436957
-1.548895
-1.655235
-1.755495
-1.849200
-1.935884
-2.015099
-2.086419
-2.149449
-2.203826
-2.249231
-2.285389
-2.312078
-2.329132
-2.336444
-2.333968
-2.321718
-2.299773
-2.268269
-2.227403
-2.177423
-2.118626
-2.051354
-1.975989
-1.892941
-1.802649
-1.705569
-1.602174
-1.492942
-1.378356
-1.258899
-1.135047
-1.007272
-0.876036
-0.741789
-0.604972
-0.466015
-0.325338
-0.183351
-0.040458
0.102941
0.246453
0.389680
0.532228
0.673695
0.813674
0.951752
1.087504
1.220495
1.350281
1.476405
1.598403
1.715799
1.828114
1.934865
2.035570
2.129752
2.216947
2.296703
2.368594
2.432222
2.487221
2.533269
2.570087
2.597451
2.615190
2.623192
2.621406
2.609844
2.588580
2.557746
2.517533
2.468186
2.410001
2.343316
2.268509
2.185989
2.096193
1.999578
1.896613
1.787777
1.673553
1.554424
1.430867
1.303354
1.172347
1.038298
0.901648
0.762829
0.622259
0.480351
0.337510
0.194133
0.050616
-0.092644
-0.235253
-0.376810
-0.516908
-0.655133
-0.791063
-0.924264
-1.054291
-1.180689
-1.302993
-1.420730
-1.533419
-1.640579
-1.741727
-1.836385
-1.924088
-2.004384
-2.076844
-2.141067
-2.196686
-2.243375
-2.280853
-2.308891
-2.327313
-2.336005
-2.334911
-2.324038
-2.303454
-2.273290
-2.233732
-2.185021
-2.127449
-2.061352
-1.987105
-1.905116
-1.815819
-1.719670
-1.617137
-1.508700
-1.394841
-1.276042
-1.152782
-1.025533
-0.894758
-0.760909
-0.624429
-0.485748
-0.345289
-0.203462



0.278805
0.418097
0.557623
0.697787
0.838985
0.981603
1.126010
1.272554
1.421558
1.573317
1.728091
1.886101
2.047527
2.212503
2.381113
2.553392
2.729318
2.908815
3.091752
3.277943
3.467149
3.659079
3.853398
4.049729
4.247657
4.446743
4.646522
4.846522
5.046263
5.245270
5.443083
5.639263
5.833400
6.025118
6.214086
6.400017
6.582678
6.761885
6.937513
7.109490
7.277800
7.442480
7.603619
7.761355
7.915872
8.067394
8.216185
8.362540
8.506786
8.649273
8.790372
8.930468
9.069959
9.209250
9.348746
9.488852
9.629964
9.772469
9.916738
10.063120
10.211941
10.363497
10.518050
10.675825
10.837005
11.001727
11.170079
11.342099
11.517769
11.697018
11.879718
12.065686
12.254688
12.446437
12.640599
12.836801
13.034631
13.233649
13.433395
13.633395
13.833170
14.032244
14.230157
14.426466
14.620759
14.812660
15.001831
15.187986
15.370884
15.550340
15.726223
15.898459
16.067027
16.231961
16.393346
16.551317
16.706054
16.857780
17.006754
17.153271
17.297654
17.440254
17.581438
17.721592
17.861112
18.000404
18.139872
18.279922
18.420950
18.563345
18.707477
18.853699
19.002338
19.153692
19.308025
19.465566
19.626501
19.790969
19.959063
20.130824
20.306239
20.485238
20.667700
20.853445
21.042241
21.233806
21.427810
21.623881
21.821610
22.020559
22.220270
22.420267
22.620073
22.819213
23.017222
23.213658
23.408106
23.600187
23.789562
23.975938
24.159072
24.338776
24.514915
24.687410
24.856236
25.021424
25.183056
25.341263
25.496221
25.648151
25.797310
25.943990
26.088514
26.231227
26.372498
26.512712
26.652264
26.791559
26.931001
27.070996
27.211943
27.354229
27.498227
27.644290
27.792748
27.943901
28.098016
28.255324
28.416014
28.580230
28.748066
28.919568
29.094726
29.273476
29.455698
29.641218
29.829808
30.021188
30.215031
30.410969
30.608595
30.807473
31.007145
31.207138
31.406974
31.606175
31.804279
32.000840
32.195442
32.387702
32.577278
32.763874
32.947244
33.127195
33.303589
33.476342
33.645427
33.810870
33.972749
34.131192
34.286373
34.438509
34.587854
34.734699
34.879364
35.022193
35.163554
35.303829
35.443415
35.582714
35.722133
35.862076
36.002943
36.145122
36.288987
36.434893
36.583172
36.734125
36.888024
37.045099
37.205545
37.369508
37.537087
37.708329
37.883231
38.061730
38.243713
38.429007
38.617388
38.808581
39.002263
39.198066
39.395586
39.594391
39.794023
39.994009
40.193871
40.393133
40.591329
40.788013
40.982766
41.175203
41.364978
41.551793
41.735398
41.915596
42.092244
42.265256
42.434600
42.600298
42.762425
42.921106
43.076510
43.228853
43.378386
43.525397
43.670205
43.813152
43.954604
44.094943
44.234564
44.373871
44.513267
44.653160
44.793949
44.936023
45.079757
45.225508
45.373609
45.524364
45.678047
45.834891
45.995094
46.158804
46.326126
46.497109
46.671754
46.850002
47.031744
47.216811
47.404983
47.595988
47.789505
47.985171
48.182584
48.381313
48.580902
48.780878
48.980765
49.180085
49.378371
49.575176
49.770078
49.962690
50.152664
50.339697
50.523536
50.703979
50.880882
51.054152
51.223754
51.389708
51.552084
51.711002
51.866632
52.019183
52.168905
52.316085
52.461036
52.604103
52.745648
