
100000.000000
99996.014106
99988.042563
99976.085789
99960.144373
99940.219079
99916.310840
99888.420765
99856.550133
99820.700395
99780.873176
99737.070271
99689.293647
99637.545445
99581.827976
99522.143722
99458.495337
99390.885647
99319.317649
99243.794508
99164.319564
99080.896325
98993.528469
98902.219844
98806.974470
98707.796534
98604.690394
98497.660575
98386.711772
98271.848850
98153.076839
98030.400938
97903.826516
97773.359104
97639.004405
97500.768286
97358.656779
97212.676084
97062.832565
96909.132752
96751.583339
96590.191182
96424.963305
96255.906891
96083.029289
95906.338009
95725.840722
95541.545261
95353.459621
95161.591957
94965.950582
94766.543971
94563.380756
94356.469728
94145.819835
93931.440185
93713.340039
93491.528816
93266.016089
93036.811589
92803.925198
92567.366953
92327.147043
92083.275812
91835.763753
91584.621511
91329.859882
91071.489812
90809.522394
90543.968873
90274.840637
90002.149226
89725.906323
89446.123757
89162.813503
88875.987679
88585.658548
88291.838513
87994.540122
87693.776062
87389.559160
87081.902383
86770.818839
86456.321770
86138.424558
85817.140721
85492.483911
85164.467916
84833.106657
84498.414190
84160.404699
83819.092504
83474.492052
83126.617922
82775.484819
82421.107578
82063.501160
81702.680652
81338.661267
80971.458340
80601.087331
80227.563822
79850.903518
79471.122240
79088.235933
78702.260659
78313.212598
77921.108045
77525.963413
77127.795228
76726.620131
76322.454876
75915.316328
75505.221462
75092.187365
74676.231231
74257.370363
73835.622171
73411.004169
72983.533979
72553.229323
72120.108029
71684.188025
71245.487341
70804.024105
70359.816545
69912.882987
69463.241852
69010.911658
68555.911016
68098.258632
67637.973304
67175.073920
66709.579461
66241.508994
65770.881676
65297.716752
64822.033550
64343.851485
63863.190056
63380.068845
62894.507513
62406.525805
61916.143543
61423.380630
60928.257044
60430.792840
59931.008148
59428.923173
58924.558192
58417.933555
57909.069681
57397.987061
56884.706252
56369.247881
55851.632640
55331.881286
54810.014641
54286.053591
53760.019081
53231.932121
52701.813778
52169.685178
51635.567505
51099.482000
50561.449959
50021.492732
49479.631723
48935.888388
48390.284232
47842.840814
47293.579738
46742.522657
46189.691272
45635.107327
45078.792614
44520.768965
43961.058255
43399.682402
42836.663363
42272.023133
41705.783747
41137.967275
40568.595823
39997.691534
39425.276582
38851.373174
38276.003550
37699.189979
37120.954760
36541.320219
35960.308712
35377.942618
34794.244344
34209.236319
33622.940995
33035.380847
32446.578372
31856.556084
31265.336517
30672.942224
30079.395773
29484.719750
28888.936753
28292.069395
27694.140302
27095.172111
26495.187470
25894.209036
25292.259476
24689.361463
24085.537677
23480.810804
22875.203536
22268.738565
21661.438589
21053.326305
20444.424414
19834.755614
19224.342602
18613.208074
18001.374721
17388.865233
16775.702290
16161.908572
15547.506746
14932.519476
14316.969413
13700.879202
13084.271475
12467.168852
11849.593943
11231.569341
10613.117628
9994.261368
9375.023110
8755.425387
8135.490712
7515.241581
6894.700468
6273.889829
5652.832097
5031.549683
4410.064974
3788.400335
3166.578104
2544.620595
1922.550094
1300.388860
678.159124
55.883088
-566.417076
-1188.719227
-1811.001255
-2433.241083
-3055.416665
-3677.505992
-4299.487088
-4921.338013
-5543.036862
-6164.561768
-6785.890902
-7407.002473
-8027.874729
-8648.485960
-9268.814494
-9888.838701
-10508.536996
-11127.887834
-11746.869715
-12365.461182
-12983.640826
-13601.387280
-14218.679228
-14835.495396
-15451.814564
-16067.615554
-16682.877243
-17297.578555
-17911.698464
-18525.215997
-19138.110233
-19750.360303
-20361.945390
-20972.844733
-21583.037623
-22192.503410
-22801.221495
-23409.171340
-24016.332459
-24622.684429
-25228.206881
-25832.879506
-26436.682056
-27039.594340
-27641.596229
-28242.667657
-28842.788617
-29441.939164
-30040.099418
-30637.249561
-31233.369840
-31828.440564
-32422.442108
-33015.354916
-33607.159492
-34197.836411
-34787.366313
-35375.729906
-35962.907967
-36548.881340
-37133.630940
-37717.137749
-38299.382821
-38880.347279
-39460.012319
-40038.359207
-40615.369281
-41191.023951
-41765.304701
-42338.193088
-42909.670741
-43479.719365
-44048.320738
-44615.456716
-45181.109226
-45745.260274
-46307.891941
-46868.986386
-47428.525843
-47986.492624
-48542.869120
-49097.637799
-49650.781207
-50202.281972
-50752.122797
-51300.286469
-51846.755851
-52391.513889
-52934.543609
-53475.828118
-54015.350605
-54553.094340
-55089.042676
-55623.179047
-56155.486972
-56685.950050
-57214.551966
-57741.276488
-58266.107467
-58789.028840
-59310.024627
-59829.078934
-60346.175951
-60861.299955
-61374.435308
-61885.566458
-62394.677938
-62901.754369
-63406.780460
-63909.741004
-64410.620884
-64909.405068
-65406.078615
-65900.626669
-66393.034464
-66883.287322
-67371.370654
-67857.269960
-68340.970827
-68822.458936
-69301.720052
-69778.740035
-70253.504832
-70726.000481
-71196.213109
-71664.128937
-72129.734273
-72593.015518
-73053.959164
-73512.551794
-73968.780083
-74422.630796
-74874.090792
-75323.147021
-75769.786525
-76213.996439
-76655.763990
-77095.076496
-77531.921370
-77966.286119
-78398.158339
-78827.525721
-79254.376052
-79678.697208
-80100.477162
-80519.703978
-80936.365816
-81350.450928
-81761.947661
-82170.844457
-82577.129850
-82980.792471
-83381.821042
-83780.204383
-84175.931406
-84568.991120
-84959.372626
-85347.065122
-85732.057900
-86114.340348
-86493.901948
-86870.732277
-87244.821009
-87616.157911
-87984.732847
-88350.535775
-88713.556749
-89073.785921
-89431.213534
-89785.829931
-90137.625547
-90486.590915
-90832.716664
-91175.993516
-91516.412293
-91853.963910
-92188.639378
-92520.429804
-92849.326393
-93175.320444
-93498.403352
-93818.566608
-94135.801800
-94450.100612
-94761.454824
-95069.856310
-95375.297043
-95677.769090
-95977.264616
-96273.775880
-96567.295239
-96857.815145
-97145.328145
-97429.826886
-97711.304106
-97989.752642
-98265.165428
-98537.535490
-98806.855955
-99073.120042
-99336.321068
-99596.452445
-99853.507682
-100107.480383
-100358.364248
-100606.153073
-100850.840750
-101092.421266
-101330.888704
-101566.237243
-101798.461158
-102027.554819
-102253.512691
-102476.329336
-102695.999411
-102912.517666
-103125.878951
-103336.078207
-103543.110473
-103746.970882
-103947.654662
-104145.157137
-104339.473725
-104530.599940
-104718.531390
-104903.263778
-105084.792903
-105263.114657
-105438.225027
-105610.120096
-105778.796039
-105944.249129
-106106.475729
-106265.472300
-106421.235395
-106573.761662
-106723.047844
-106869.090775
-107011.887386
-107151.434699
-107287.729834
-107420.769999
-107550.552501
-107677.074736
-107800.334195
-107920.328465
-108037.055221
-108150.512235
-108260.697371
-108367.608586
-108471.243928
-108571.601541
-108668.679658
-108762.476608
-108852.990810
-108940.220777
-109024.165111
-109104.822511
-109182.191763
-109256.271749
-109327.061441
-109394.559901
-109458.766286
-109519.679842
-109577.299908
-109631.625912
-109682.657375
-109730.393908
-109774.835214
-109815.981087
-109853.831409
-109888.386155
-109919.645390
-109947.609269
-109972.278037
-109993.652030
-110011.731673
-110026.517481
-110038.010058
-110046.210100
-110051.118390
-110052.735801
-110051.063295
-110046.101925
-110037.852830
-110026.317240
-110011.496473
-109993.391935
-109972.005121
-109947.337614
-109919.391085
-109888.167295
-109853.668090
-109815.895405
-109774.851263
-109730.537774
-109682.957136
-109632.111634
-109578.003638
-109520.635609
-109460.010091
-109396.129717
-109328.997205
-109258.615361
-109184.987076
-109108.115327
-109028.003177
-108944.653777
-108858.070360
-108768.256247
-108675.214843
-108578.949640
-108479.464214
-108376.762225
-108270.847419
-108161.723627
-108049.394762
-107933.864825
-107815.137898
-107693.218148
-107568.109828
-107439.817271
-107308.344895
-107173.697204
-107035.878781
-106894.894295
-106750.748497
-106603.446220
-106452.992382
-106299.391980
-106142.650097
-105982.771894
-105819.762619
-105653.627597
-105484.372237
-105312.002030
-105136.522548
-104957.939442
-104776.258447
-104591.485377
-104403.626127
-104212.686673
-104018.673071
-103821.591458
-103621.448049
-103418.249141
-103212.001108
-103002.710407
-102790.383572
-102575.027216
-102356.648032
-102135.252792
-101910.848345
-101683.441619
-101453.039623
-101219.649440
-100983.278233
-100743.933242
-100501.621787
-100256.351262
-100008.129140
-99756.962970
-99502.860380
-99245.829072
-98985.876827
-98723.011499
-98457.241022
-98188.573404
-97917.016728
-97642.579153
-97365.268915
-97085.094324
-96802.063764
-96516.185695
-96227.468652
-95935.921244
-95641.552153
-95344.370138
-95044.384028
-94741.602729
-94436.035219
-94127.690550
-93816.577845
-93502.706303
-93186.085193
-92866.723859
-92544.631715
-92219.818248
-91892.293018
-91562.065654
-91229.145859
-90893.543407
-90555.268142
-90214.329980
-89870.738906
-89524.504977
-89175.638320
-88824.149131
-88470.047679
-88113.344298
-87754.049396
-87392.173446
-87027.726993
-86660.720650
-86291.165098
-85919.071087
-85544.449435
-85167.311027
-84787.666818
-84405.527828
-84020.905145
-83633.809926
-83244.253392
-82852.246831
-82457.801600
-82060.929120
-81661.640877
-81259.948425
-80855.863382
-80449.397432
-80040.562323
-79629.369869
-79215.831949
-78799.960503
-78381.767540
-77961.265128
-77538.465402
-77113.380560
-76686.022861
-76256.404628
-75824.538248
-75390.436170
-74954.110902
-74515.575018
-74074.841152
-73631.921999
-73186.830316
-72739.578921
-72290.180691
-71838.648565
-71384.995543
-70929.234682
-70471.379101
-70011.441979
-69549.436551
-69085.376113
-68619.274021
-68151.143687
-67680.998581
-67208.852232
-66734.718227
-66258.610209
-65780.541878
-65300.526992
-64818.579364
-64334.712865
-63848.941420
-63361.279011
-62871.739674
-62380.337502
-61887.086642
-61392.001295
-60895.095716
-60396.384215
-59895.881155
-59393.600952
-58889.558078
-58383.767053
-57876.242453
-57366.998906
-56856.051090
-56343.413737
-55829.101627
-55313.129596
-54795.512526
-54276.265351
-53755.403057
-53232.940677
-52708.893296
-52183.276046
-51656.104108
-51127.392715
-50597.157143
-50065.412720
-49532.174820
-48997.458865
-48461.280322
-47923.654708
-47384.597584
-46844.124556
-46302.251279
-45758.993452
-45214.366816
-44668.387162
-44121.070321
-43572.432170
-43022.488629
-42471.255662
-41918.749276
-41364.985520
-40809.980485
-40253.750306
-39696.311156
-39137.679253
-38577.870854
-38016.902256
-37454.789798
-36891.549858
-36327.198853
-35761.753239
-35195.229512
-34627.644205
-34059.013890
-33489.355176
-32918.684710
-32347.019174
-31774.375290
-31200.769813
-30626.219534
-30050.741282
-29474.351918
-28897.068340
-28318.907478
-27739.886297
-27160.021796
-26579.331006
-25997.830991
-25415.538848
-24832.471705
-24248.646721
-23664.081088
-23078.792027
-22492.796789
-21906.112657
-21318.756940
-20730.746979
-20142.100143
-19552.833829
-18962.965460
-18372.512489
-17781.492395
-17189.922683
-16597.820885
-16005.204557
-15412.091281
-14818.498666
-14224.444342
-13629.945964
-13035.021212
-12439.687786
-11843.963413
-11247.865837
-10651.412827
-10054.622173
-9457.511685
-8860.099194
-8262.402550
-7664.439622
-7066.228301
-6467.786492
-5869.132122
-5270.283134
-4671.257487
-4072.073158
-3472.748141
-2873.300443
-2273.748088
-1674.109116
-1074.401579
-474.643542
125.146913
724.951695
1324.752698
1924.531806
2524.270891
3123.951813
3723.556424
4323.066564
4922.464066
5521.730751
6120.848435
6719.798924
7318.564017
7917.125507
8515.465180
9113.564817
9711.406192
10308.971077
10906.241237
11503.198435
12099.824430
12696.100980
13292.009838
13887.532759
14482.651493
15077.347792
15671.603408
16265.400094
16858.719601
17451.543685
18043.854103
18635.632615
19226.860983
19817.520974
20407.594360
20997.062917
21585.908425
22174.112674
22761.657457
23348.524575
23934.695838
24520.153062
25104.878075
25688.852712
26272.058818
26854.478250
27436.092875
28016.884572
28596.835232
29175.926759
29754.141071
30331.460100
30907.865791
31483.340106
32057.865022
32631.422532
33203.994647
33775.563395
34346.110821
34915.618990
35484.069986
36051.445913
36617.728895
37182.901077
37746.944627
38309.841734
38871.574610
39432.125491
39991.476636
40549.610330
41106.508883
41662.154630
42216.529934
42769.617183
43321.398795
43871.857215
44420.974917
44968.734406
45515.118214
46060.108907
46603.689082
47145.841366
47686.548420
48225.792938
48763.557649
49299.825315
49834.578733
50367.800737
50899.474197
51429.582020
51958.107149
52485.032568
53010.341298
53534.016400
54056.040975
54576.398165
55095.071153
55612.043164
56127.297467
56640.817371
57152.586234
57662.587452
58170.804473
58677.220785
59181.819926
59684.585480
60185.501077
60684.550399
61181.717173
61676.985178
62170.338243
62661.760247
63151.235120
63638.746845
64124.279459
64607.817049
65089.343759
65568.843786
66046.301383
66521.700858
66995.026577
67466.262960
67935.394489
68402.405702
68867.281195
69330.005626
69790.563711
70248.940228
70705.120018
71159.087980
71610.829081
72060.328346
72507.570868
72952.541804
73395.226373
73835.609864
74273.677630
74709.415093
75142.807739
75573.841127
76002.500881
76428.772696
76852.642339
77274.095645
77693.118520
78109.696946
78523.816972
78935.464725
79344.626402
79751.288277
80155.436698
80557.058088
80956.138947
81352.665851
81746.625455
82138.004489
82526.789763
82912.968168
83296.526671
83677.452321
84055.732249
84431.353666
84804.303865
85174.570222
85542.140195
85907.001328
86269.141246
86628.547662
86985.208373
87339.111261
87690.244296
88038.595534
88384.153118
88726.905282
89066.840346
89403.946719
89738.212902
90069.627484
90398.179146
90723.856660